platformPoolCount,16
definePlatformPool,Set2SafeNail1,100
definePlatformPool,Set2WoodBlock,10
definePlatformPool,Set2Spring2,10
definePlatformPool,Set2MovingBlockReverse,10
definePlatformPool,Set2Plank1,200
definePlatformPool,Set2Trunk,1
definePlatformPool,Set2DangerNail2,25
definePlatformPool,Set2SafeNail2,200
definePlatformPool,Set2Spinner,10
definePlatformPool,Set2MovingBlock,10
definePlatformPool,Set2Plank2,200
definePlatformPool,Set2Wall,10
definePlatformPool,Set2Spring,10
definePlatformPool,Set2DangerNail1,25
definePlatformPool,Coin,20
definePlatformPool,CoinPlus,5
introPlatform,7,2.524,-0.141,1.5,0,0,0,0
introPlatform,7,-2.06,-0.141,1.5,0,0,0,0
introPlatform,10,0.23,0,2,0,90,0,0
introPlatform,7,2.524,-0.141,2.5,0,0,0,0
introPlatform,7,-2.06,-0.141,2.5,0,0,0,0
introPlatform,7,2.02,-0.141,3.5,0,0,0,0
introPlatform,7,-2.48,-0.141,3.5,0,0,0,0
introPlatform,10,-0.22,0,4,0,90,0,0
introPlatform,7,-2.48,-0.141,4.5,0,0,0,0
introPlatform,7,2.02,-0.141,4.5,0,0,0,0
introPlatform,7,2.524,-0.141,5.5,0,0,0,0
introPlatform,7,-2.06,-0.141,5.5,0,0,0,0
introPlatform,10,0.23,0,6,0,90,0,0
introPlatform,7,2.524,-0.141,6.5,0,0,0,0
introPlatform,7,-2.06,-0.141,6.5,0,0,0,0
introPlatform,7,-2.48,-0.141,7.5,0,0,0,0
introPlatform,7,2.02,-0.141,7.5,0,0,0,0
introPlatform,10,-0.22,0,8,0,90,0,0
introPlatform,7,-2.48,-0.141,8.5,0,0,0,0
introPlatform,7,2.02,-0.141,8.5,0,0,0,0
introPlatform,7,-2.06,-0.141,9.5,0,0,0,0
introPlatform,7,2.524,-0.141,9.5,0,0,0,0
introPlatform,10,0.23,0,10,0,90,0,0
introPlatform,7,-2.06,-0.141,10.5,0,0,0,0
introPlatform,7,2.524,-0.141,10.5,0,0,0,0
introPlatform,7,2.02,-0.141,11.5,0,0,0,0
introPlatform,7,-2.48,-0.141,11.5,0,0,0,0
introPlatform,10,-0.22,0,12,0,90,0,0
introPlatform,7,-2.48,-0.141,12.5,0,0,0,0
introPlatform,7,2.02,-0.141,12.5,0,0,0,0
introPlatform,7,2.524,-0.141,13.5,0,0,0,0
introPlatform,7,-2.06,-0.141,13.5,0,0,0,0
introPlatform,10,0.23,0,14,0,90,0,0
introPlatform,7,-2.06,-0.141,14.5,0,0,0,0
introPlatform,7,2.524,-0.141,14.5,0,0,0,0
introPlatform,7,2.02,-0.141,15.5,0,0,0,0
introPlatform,7,-2.48,-0.141,15.5,0,0,0,0
introPlatform,10,-0.22,0,16,0,90,0,0
introPlatform,7,2.02,-0.141,16.5,0,0,0,0
introPlatform,7,-2.48,-0.141,16.5,0,0,0,0
introPlatform,7,-2.06,-0.141,17.5,0,0,0,0
introPlatform,7,2.524,-0.141,17.5,0,0,0,0
introPlatform,10,0.23,0,18,0,90,0,0
introPlatform,7,-2.06,-0.141,18.5,0,0,0,0
introPlatform,7,2.524,-0.141,18.5,0,0,0,0
introPlatform,7,-2.48,-0.141,19.5,0,0,0,0
introPlatform,7,2.02,-0.141,19.5,0,0,0,0
introPlatform,10,-0.22,0,20,0,90,0,0
introPlatform,7,2.02,-0.141,20.5,0,0,0,0
introPlatform,7,-2.48,-0.141,20.5,0,0,0,0
introPlatform,7,-2.06,-0.141,21.5,0,0,0,0
introPlatform,7,2.524,-0.141,21.5,0,0,0,0
introPlatform,10,0.23,0,22,0,90,0,0
introPlatform,7,-2.06,-0.141,22.5,0,0,0,0
introPlatform,7,2.524,-0.141,22.5,0,0,0,0
introPlatform,7,2.02,-0.141,23.5,0,0,0,0
introPlatform,7,-2.48,-0.141,23.5,0,0,0,0
introPlatform,10,-0.22,0,24,0,90,0,0
introPlatform,7,-2.48,-0.141,24.5,0,0,0,0
introPlatform,7,2.02,-0.141,24.5,0,0,0,0
introPlatform,7,-2.06,-0.141,25.5,0,0,0,0
introPlatform,7,2.524,-0.141,25.5,0,0,0,0
introPlatform,10,0.23,0,26,0,90,0,0
introPlatform,7,-2.06,-0.141,26.5,0,0,0,0
introPlatform,7,2.524,-0.141,26.5,0,0,0,0
introPlatform,7,-2.48,-0.141,27.5,0,0,0,0
introPlatform,7,2.02,-0.141,27.5,0,0,0,0
introPlatform,10,-0.22,0,28,0,90,0,0
introPlatform,7,-2.48,-0.141,28.5,0,0,0,0
introPlatform,7,2.02,-0.141,28.5,0,0,0,0
introPlatform,7,-2.06,-0.141,29.5,0,0,0,0
introPlatform,7,2.524,-0.141,29.5,0,0,0,0
introPlatform,10,0.23,0,30,0,90,0,0
introPlatform,7,-2.06,-0.141,30.5,0,0,0,0
introPlatform,7,2.524,-0.141,30.5,0,0,0,0
introPlatform,7,-2.48,-0.141,31.5,0,0,0,0
introPlatform,7,2.02,-0.141,31.5,0,0,0,0
introPlatform,10,-0.22,0,32,0,90,0,0
introPlatform,7,-2.48,-0.141,32.5,0,0,0,0
introPlatform,7,2.02,-0.141,32.5,0,0,0,0
introPlatform,7,-2.06,-0.141,33.5,0,0,0,0
introPlatform,7,2.524,-0.141,33.5,0,0,0,0
introPlatform,10,0.23,0,34,0,90,0,0
introPlatform,7,-2.06,-0.141,34.5,0,0,0,0
introPlatform,7,2.524,-0.141,34.5,0,0,0,0
introPlatform,7,-2.48,-0.141,35.5,0,0,0,0
introPlatform,7,2.02,-0.141,35.5,0,0,0,0
introPlatform,10,-0.22,0,36,0,90,0,0
introPlatform,7,2.02,-0.141,36.5,0,0,0,0
introPlatform,7,-2.48,-0.141,36.5,0,0,0,0
introPlatform,7,2.524,-0.141,37.5,0,0,0,0
introPlatform,7,-2.06,-0.141,37.5,0,0,0,0
introPlatform,10,0.23,0,38,0,90,0,0
introPlatform,7,2.524,-0.141,38.5,0,0,0,0
introPlatform,7,-2.06,-0.141,38.5,0,0,0,0
introPlatform,7,2.02,-0.141,39.5,0,0,0,0
introPlatform,7,-2.48,-0.141,39.5,0,0,0,0
introPlatform,10,-0.22,0,40,0,90,0,0
introPlatform,7,-2.48,-0.141,40.5,0,0,0,0
introPlatform,7,2.02,-0.141,40.5,0,0,0,0
introPlatform,7,-2.06,-0.141,41.5,0,0,0,0
introPlatform,7,2.524,-0.141,41.5,0,0,0,0
introPlatform,10,0.23,0,42,0,90,0,0
introPlatform,7,2.524,-0.141,42.5,0,0,0,0
introPlatform,7,-2.06,-0.141,42.5,0,0,0,0
platform,4,1.42,0,0,268.8553,180,0
platform,4,-1.52,0,0,268.8553,180,0.125
platform,4,-1.52,0.084,358.7499,276.2356,185.6234,0
platform,4,1.42,0.084,358.7499,276.2356,185.6234,0.125
platform,4,1.42,0.168,358.3557,89.01727,354.3756,0
platform,4,-1.52,0.168,358.3557,89.01727,354.3756,0.125
platform,4,1.42,0.284,358.6956,276.2303,5.623547,0
platform,4,-1.52,0.284,358.6956,276.2303,5.623547,0.125
platform,4,1.42,0.2,1.724297,268.791,177.8641,0
platform,4,-1.52,0.2,1.724297,268.791,177.8641,0.125
platform,4,1.42,0.105,358.5764,276.4118,177.8644,0
platform,4,-1.52,0.105,358.5764,276.4118,177.8644,0.125
platform,4,1.42,0,358.929,88.8154,2.135282,0
platform,4,-1.52,0,358.929,88.8154,2.135282,0.125
platform,4,1.42,0,358.8028,276.3588,-9.073325E-07,0
platform,4,-1.52,0,358.8028,276.3588,-9.073325E-07,0.125
platform,4,1.42,0.153,1.506701,268.9501,183.5988,0
platform,4,-1.52,0.153,1.506701,268.9501,183.5988,0.125
platform,4,-1.52,0.258,358.4545,276.2616,183.5988,0
platform,4,1.42,0.258,358.4545,276.2616,183.5988,0.06233342
platform,4,-2.9,0.258,332.3484,251.8248,180.474,0
platform,4,2.9,0.258,332.348,108.175,180.474,0.05391661
platform,12,1.45,-0.39,0,0,0,0
platform,12,-1.383,-0.39,0,0,0,0.0295833
platform,4,2.9,0.258,332.348,81.91201,180.474,0
platform,4,-2.9,0.258,332.3484,278.0879,180.474,0.07166672
platform,4,2.42,0.258,332.348,51.91201,180.474,0
platform,4,-2.42,0.258,332.3484,308.0879,180.474,0.6575
platform,4,1.427,0.325,0.8614959,88.80117,356.4021,0
platform,4,-1.5,0.325,0.8614959,88.80117,356.4021,0.125
platform,4,-1.5,0.229,3.015343,276.123,355.5273,0
platform,4,1.427,0.229,3.015343,276.123,355.5273,0.125
platform,4,1.427,0.153,356.8287,269.1033,175.5266,0
platform,4,-1.5,0.153,356.8287,269.1033,175.5266,0.125
platform,4,1.427,0,2.626698,276.1534,175.5288,0
platform,4,-1.5,0,2.626698,276.1534,175.5288,0.125
platform,4,1.427,0,4.483975,88.85535,-6.422961E-07,0
platform,4,-1.5,0,4.483975,88.85535,-6.422961E-07,0.125
platform,4,-1.5,0.105,2.285448,276.4914,3.323895,0
platform,4,1.427,0.105,2.285448,276.4914,3.323895,0.125
platform,4,1.427,0.191,355.1423,268.5728,183.3332,0
platform,4,-1.5,0.191,355.1423,268.5728,183.3332,0.125
platform,4,1.427,0.115,3.827349,276.1273,176.5379,0
platform,4,-1.5,0.115,3.827349,276.1273,176.5379,0.125
platform,4,-1.5,0,358.1267,88.7422,3.456213,0
platform,4,1.427,0,358.1267,88.7422,3.456213,0.125
platform,4,1.427,0,359.1407,275.2358,7.563732,0
platform,4,-1.5,0,359.1407,275.2358,7.563732,0.125
platform,4,-1.5,0.124,1.983174,269.1194,187.5861,0
platform,4,1.427,0.124,1.983174,269.1194,187.5861,0.125
platform,4,-1.5,0.229,2.974167,276.755,187.5918,0
platform,4,1.427,0.229,2.974167,276.755,187.5918,0.125
platform,4,-1.5,0.305,5.275776,88.85532,-1.071757E-06,0
platform,4,1.427,0.305,5.275776,88.85532,-1.071757E-06,0.125
platform,4,1.427,0.248,1.995349,276.2182,355.9724,0
platform,4,-1.5,0.248,1.995349,276.2182,355.9724,0.125
platform,4,-1.5,0.21,0.997674,268.7851,175.9743,0
platform,4,1.427,0.21,0.997674,268.7851,175.9743,0.125
platform,4,-1.5,0.095,2.690696,276.1692,175.9704,0
platform,4,1.427,0.095,2.690696,276.1692,175.9704,0.125
platform,4,1.427,0,357.9933,88.85533,5.33936E-07,0
platform,4,-1.5,0,357.9933,88.85533,5.33936E-07,0.09741656
platform,4,-1.5,-0.116,358.831,268.733,-1.174183E-06,0.004333496
platform,4,1.427,-0.045,358.831,271.2106,-5.870916E-07,0.08574995
platform,4,-2.9,-0.048,332.3484,251.8248,180.474,0
platform,4,2.9,-0.048,332.348,108.175,180.474,0.05416679
platform,12,-1.383,-0.696,0,0,0,0
platform,12,1.45,-0.696,0,0,0,0.02916654
platform,4,2.9,-0.048,332.348,81.91201,180.474,0
platform,4,-2.9,-0.048,332.3484,278.0879,180.474,0.07166672
platform,4,2.42,-0.048,332.348,51.91201,180.474,0
platform,4,-2.42,-0.048,332.3484,308.0879,180.474,1.1575
platform,4,1.427,0.325,0.8614959,88.80117,356.4021,0
platform,4,-1.5,0.325,0.8614959,88.80117,356.4021,0.125
platform,4,1.427,0.229,3.015343,276.123,355.5273,0
platform,4,-1.5,0.229,3.015343,276.123,355.5273,0.125
platform,4,1.427,0.153,356.8287,269.1033,175.5266,0
platform,4,-1.5,0.153,356.8287,269.1033,175.5266,0.125
platform,4,-1.5,0,2.626698,276.1534,175.5288,0
platform,4,1.427,0,2.626698,276.1534,175.5288,0.125
platform,4,1.427,0,4.483975,88.85535,-6.422961E-07,0
platform,4,-1.5,0,4.483975,88.85535,-6.422961E-07,0.125
platform,4,-1.5,0.105,2.285448,276.4914,3.323895,0
platform,4,1.427,0.105,2.285448,276.4914,3.323895,0.125
platform,4,1.427,0.191,355.1423,268.5728,183.3332,0
platform,4,-1.5,0.191,355.1423,268.5728,183.3332,0.125
platform,4,-1.5,0.115,3.827349,276.1273,176.5379,0
platform,4,1.427,0.115,3.827349,276.1273,176.5379,0.125
platform,4,1.427,0,358.1267,88.7422,3.456213,0
platform,4,-1.5,0,358.1267,88.7422,3.456213,0.125
platform,4,-1.5,0,359.1407,275.2358,7.563732,0
platform,4,1.427,0,359.1407,275.2358,7.563732,0.125
platform,4,-1.5,0.124,1.983174,269.1194,187.5861,0
platform,4,1.427,0.124,1.983174,269.1194,187.5861,0.125
platform,4,-1.5,0.229,2.974167,276.755,187.5918,0
platform,4,1.427,0.229,2.974167,276.755,187.5918,0.125
platform,4,-1.5,0.305,5.275776,88.85532,-1.071757E-06,0
platform,4,1.427,0.305,5.275776,88.85532,-1.071757E-06,0.125
platform,4,-1.5,0.248,1.995349,276.2182,355.9724,0
platform,4,1.427,0.248,1.995349,276.2182,355.9724,0.125
platform,4,-1.5,0.21,0.997674,268.7851,175.9743,0
platform,4,1.427,0.21,0.997674,268.7851,175.9743,0.125
platform,4,-1.5,0.095,2.690696,276.1692,175.9704,0
platform,4,1.427,0.095,2.690696,276.1692,175.9704,0.125
platform,4,-1.5,0,357.9933,88.85533,5.33936E-07,0
platform,4,1.427,0,357.9933,88.85533,5.33936E-07,0.09749985
platform,4,-1.5,-0.083,3.53103,268.7308,359.896,0.004166921
platform,4,1.427,-0.045,358.831,271.2106,-5.870916E-07,0.0649999
platform,4,-2.9,-0.048,332.3484,251.8248,180.474,0
platform,4,2.9,-0.048,332.348,108.175,180.474,0.05000051
platform,12,1.45,-0.696,0,0,0,0
platform,12,-1.383,-0.696,0,0,0,0.03333282
platform,4,-2.9,-0.048,332.3484,278.0879,180.474,0
platform,4,2.9,-0.048,332.348,81.91201,180.474,0.06666692
platform,4,-2.42,-0.048,332.3484,308.0879,180.474,0
platform,4,2.42,-0.048,332.348,51.91201,180.474,1.244166
platform,1,0,0,0,0,0,0.883667
platform,1,-1,0,0,0,0,0.8900833
platform,1,-2,0,0,0,0,0.8903338
platform,1,-1,0,0,0,0,0.8897502
platform,1,0,0,0,0,0,0.8019994
platform,10,0,0,0,90,0,0
platform,10,-5.3,0,0,90,0,0
platform,10,5.3,0,0,90,0,0.1666667
platform,10,5.5,-2,90,90,0,0
platform,10,-2.7,0,0,90,0,0
platform,10,2.6,0,0,90,0,0
platform,10,-5.5,-2,90,90,0,0.1666667
platform,10,0,0,0,90,0,0
platform,10,-5.3,0,0,90,0,0
platform,10,5.3,0,0,90,0,0.1666667
platform,10,-5.5,-2,90,90,0,0
platform,10,5.5,-2,90,90,0,0
platform,10,-2.7,0,0,90,0,0
platform,10,2.6,0,0,90,0,0.1666667
platform,10,5.3,0,0,90,0,0
platform,10,0,0,0,90,0,0
platform,10,-5.3,0,0,90,0,0.1666667
platform,10,5.5,-2,90,90,0,0
platform,10,2.6,0,0,90,0,0
platform,10,-5.5,-2,90,90,0,0
platform,10,-2.7,0,0,90,0,0.1666667
platform,10,5.3,0,0,90,0,0
platform,10,0,0,0,90,0,0
platform,10,-5.3,0,0,90,0,0.009166718
platform,14,-2.74,0.74,90,0,0,0.1575
platform,10,-5.5,-2,90,90,0,0
platform,10,-2.7,0,0,90,0,0
platform,10,5.5,-2,90,90,0,0
platform,10,2.6,0,0,90,0,0.009166718
platform,14,-2.74,0.74,90,0,0,0.1575
platform,10,-5.3,0,0,90,0,0
platform,10,5.3,0,0,90,0,0
platform,10,0,0,0,90,0,0.009166718
platform,14,-2.74,0.74,90,0,0,0.1575
platform,10,5.5,-2,90,90,0,0
platform,10,-5.5,-2,90,90,0,0
platform,10,2.6,0,0,90,0,0
platform,10,-2.7,0,0,90,0,0.1666667
platform,10,-5.3,0,0,90,0,0
platform,10,0,0,0,90,0,0
platform,10,5.3,0,0,90,0,0.04666646
platform,11,-2.91,0.714,0,0,0,0.1200002
platform,10,2.6,0,0,90,0,0
platform,10,-2.7,0,0,90,0,0
platform,10,-5.5,-2,90,90,0,0
platform,10,5.5,-2,90,90,0,0.1666667
platform,10,5.3,0,0,90,0,0
platform,10,0,0,0,90,0,0
platform,10,-5.3,0,0,90,0,0.1666667
platform,10,-2.7,0,0,90,0,0
platform,10,5.5,-2,90,90,0,0
platform,10,-5.5,-2,90,90,0,0
platform,10,2.6,0,0,90,0,0.1666667
platform,10,0,0,0,90,0,0
platform,10,5.3,0,0,90,0,0
platform,10,-5.3,0,0,90,0,0.1666667
platform,10,5.5,-2,90,90,0,0
platform,10,2.6,0,0,90,0,0
platform,10,-5.5,-2,90,90,0,0
platform,10,-2.7,0,0,90,0,0.1666667
platform,10,5.3,0,0,90,0,0
platform,10,-5.3,0,0,90,0,0
platform,10,0,0,0,90,0,0.008333842
platform,14,2.5,0.74,90,0,0,0.1583328
platform,10,5.5,-2,90,90,0,0
platform,10,-5.5,-2,90,90,0,0
platform,10,2.6,0,0,90,0,0
platform,10,-2.7,0,0,90,0,0.008333842
platform,14,2.5,0.74,90,0,0,0.1583328
platform,10,0,0,0,90,0,0
platform,10,-5.3,0,0,90,0,0
platform,10,5.3,0,0,90,0,0.008333842
platform,14,2.5,0.74,90,0,0,0.1583328
platform,10,-5.5,-2,90,90,0,0
platform,10,5.5,-2,90,90,0,0
platform,10,2.6,0,0,90,0,0
platform,10,-2.7,0,0,90,0,0.1666667
platform,10,-5.3,0,0,90,0,0
platform,10,0,0,0,90,0,0
platform,10,5.3,0,0,90,0,0.04666646
platform,11,2.39,0.714,0,0,0,0.1200002
platform,10,5.5,-2,90,90,0,0
platform,10,-2.7,0,0,90,0,0
platform,10,-5.5,-2,90,90,0,0
platform,10,2.6,0,0,90,0,0.1666667
platform,10,0,0,0,90,0,0
platform,10,5.3,0,0,90,0,0
platform,10,-5.3,0,0,90,0,0.1666667
platform,10,-2.7,0,0,90,0,0
platform,10,2.6,0,0,90,0,0
platform,10,5.5,-2,90,90,0,0
platform,10,-5.5,-2,90,90,0,0.1666667
platform,10,0,0,0,90,0,0
platform,10,5.3,0,0,90,0,0
platform,10,-5.3,0,0,90,0,0.1666667
platform,10,5.5,-2,90,90,0,0
platform,10,2.6,0,0,90,0,0
platform,10,-2.7,0,0,90,0,0
platform,10,-5.5,-2,90,90,0,0.1666667
platform,10,-5.3,0,0,90,0,0
platform,10,0,0,0,90,0,0
platform,10,5.3,0,0,90,0,0.1666667
platform,10,-2.7,0,0,90,0,0
platform,10,2.6,0,0,90,0,0
platform,10,5.5,-2,90,90,0,0
platform,10,-5.5,-2,90,90,0,0.009165446
platform,14,-2.81,0.74,90,0,0,0.1575012
platform,10,5.3,0,0,90,0,0
platform,10,0,0,0,90,0,0
platform,10,-5.3,0,0,90,0,0.009165446
platform,14,-2.81,0.74,90,0,0,0.1575012
platform,10,5.5,-2,90,90,0,0
platform,10,2.6,0,0,90,0,0
platform,10,-2.7,0,0,90,0,0
platform,10,-5.5,-2,90,90,0,0.009165446
platform,14,-2.81,0.74,90,0,0,0.1575012
platform,10,0,0,0,90,0,0
platform,10,5.3,0,0,90,0,0
platform,10,-5.3,0,0,90,0,0.1666667
platform,10,5.5,-2,90,90,0,0
platform,10,-5.5,-2,90,90,0,0
platform,10,2.6,0,0,90,0,0
platform,10,-2.7,0,0,90,0,0.05000051
platform,11,-2.91,0.714,0,0,0,0.1166662
platform,10,0,0,0,90,0,0
platform,10,-5.3,0,0,90,0,0
platform,10,5.3,0,0,90,0,0.1666667
platform,10,5.5,-2,90,90,0,0
platform,10,-5.5,-2,90,90,0,0
platform,10,-2.7,0,0,90,0,0
platform,10,2.6,0,0,90,0,0.1666667
platform,10,-5.3,0,0,90,0,0
platform,10,0,0,0,90,0,0
platform,10,5.3,0,0,90,0,0.1666667
platform,10,-5.5,-2,90,90,0,0
platform,10,-2.7,0,0,90,0,0
platform,10,2.6,0,0,90,0,0
platform,10,5.5,-2,90,90,0,0.1666667
platform,10,-5.3,0,0,90,0,0
platform,10,0,0,0,90,0,0
platform,10,5.3,0,0,90,0,0.1666667
platform,10,2.6,0,0,90,0,0
platform,10,-2.7,0,0,90,0,0
platform,10,-5.5,-2,90,90,0,0
platform,10,5.5,-2,90,90,0,0.1666667
platform,10,0,0,0,90,0,0
platform,10,-5.3,0,0,90,0,0
platform,10,5.3,0,0,90,0,0.1666667
platform,4,4.68,0,3.374771,90,172.7415,0
platform,4,-4.84,0.002270618,356.6252,270,173.0039,0.125
platform,4,4.68,0,358.1841,90.00001,2.655933,0
platform,4,-4.84,0.002270618,1.815896,270,2.393584,0.125
platform,4,-4.84,0.002270618,357.8122,270,182.6559,0
platform,4,4.68,0,2.187871,89.99998,182.3936,0.125
platform,4,4.63,0,358.1841,87.49993,353.0039,0
platform,4,-4.789999,0.002270618,1.815931,272.5001,352.7415,0.125
platform,4,-4.72,0.002270618,357.8122,275,182.6559,0
platform,4,4.57,0,2.187834,85,2.655934,0.125
platform,4,4.43,0,358.1841,82.50013,172.7416,0
platform,4,-4.59,0.002270618,1.815919,277.4999,352.7415,0.125
platform,4,4.23,0,2.187834,80.00005,2.655936,0
platform,4,-4.39,0.002270618,357.8122,279.9999,182.6559,0.125
platform,4,3.95,0,358.1859,74.93685,179.8189,0
platform,4,-4.11,0.002270618,1.814141,285.0631,359.8189,0.125
platform,4,3.61,0,2.451639,77.16492,353.0915,0
platform,4,-3.77,0.002270618,357.5484,282.8351,173.0915,0.125
platform,4,3.22,0,358.3045,69.93976,2.734387,0
platform,4,-3.38,0.002270618,1.695436,290.0602,2.472043,0.125
platform,4,-2.91,0.002270618,357.5484,287.835,173.0915,0
platform,4,2.75,0,2.451631,72.16505,172.8292,0.125
platform,4,-2.37,0.002270618,1.695457,295.0602,182.7344,0
platform,4,2.21,0,358.3045,64.9399,182.472,0.1166662
platform,4,-1.76,0.002270618,357.9147,292.8217,182.7372,0.008333842
platform,4,1.61,0,2.085302,67.17844,182.4748,0.1166662
platform,4,0.93,0,357.8739,62.45546,353.0914,0
platform,4,-1.09,0.002270618,2.126081,297.5445,352.8291,0.1166662
platform,4,-0.4400001,0.002270618,357.9147,292.8215,2.474797,0
platform,4,0.28,0,2.0853,67.17833,2.737154,0.1083349
platform,4,-0.35,-0.025,2.085327,247.1785,182.4748,0
platform,4,0.1900001,-0.02272938,357.9147,112.8217,182.7372,0.1166662
platform,4,-1,-0.025,357.8739,242.4555,172.8291,0
platform,4,0.8400002,-0.02272938,2.126094,117.5445,173.0914,0.1166662
platform,4,1.52,-0.02272938,357.9147,112.8216,2.4748,0.008333842
platform,4,-1.67,-0.025,2.0853,247.1783,2.737154,0.1166662
platform,4,-2.28,-0.025,358.3045,244.9398,2.734387,0
platform,4,2.12,-0.02272938,1.695452,115.0601,2.472012,0.125
platform,4,-2.82,-0.025,2.451644,252.1649,353.0915,0
platform,4,2.66,-0.02272938,357.5484,107.835,352.8292,0.125
platform,4,-3.29,-0.025,358.3046,249.9398,182.472,0
platform,4,3.13,-0.02272938,1.695455,110.0602,182.7344,0.125
platform,4,3.52,-0.02272938,357.5484,102.8351,173.0915,0
platform,4,-3.68,-0.025,2.451639,257.1649,353.0915,0.125
platform,4,-4.02,-0.025,358.1859,254.9369,179.8189,0
platform,4,3.86,-0.02272938,1.814143,105.0631,359.8189,0.125
platform,4,-4.3,-0.025,2.187834,260.0001,2.655936,0
platform,4,4.14,-0.02272938,357.8122,99.99995,182.6559,0.125
platform,4,4.34,-0.02272938,1.81595,97.49988,352.7416,0
platform,4,-4.5,-0.025,358.1841,262.5001,172.7415,0.125
platform,4,4.48,-0.02272938,357.8122,95.00001,182.6559,0
platform,4,-4.63,-0.025,2.187834,265,2.655934,0.125
platform,4,4.54,-0.02272938,1.815939,92.50008,173.0039,0
platform,4,-4.7,-0.025,358.1841,267.4999,172.7416,0.125
platform,4,-4.75,-0.025,2.187834,270,2.655934,0
platform,4,4.59,-0.02272938,357.8121,90.00002,2.393561,0.125
platform,4,-4.75,-0.025,358.1841,270,182.3936,0
platform,4,4.59,-0.02272938,1.815941,90,182.6559,0.125
platform,4,4.59,-0.02272938,356.6252,90.00001,352.7415,0
platform,4,-4.75,-0.025,3.374774,270,353.0039,0.05166626
platform,14,4.72,0.74,90,0,0,0.08166758
platform,4,4.68,0,3.374771,90,172.7415,0
platform,4,-4.84,0.002270618,356.6252,270,173.0039,0.08499908
platform,14,4.72,0.74,90,0,0,0.04000092
platform,4,-4.84,0.002270618,1.815896,270,2.393584,0
platform,4,4.68,0,358.1841,90.00001,2.655933,0.125
platform,4,-4.84,0.002270618,357.8122,270,182.6559,0
platform,4,4.68,0,2.187871,89.99998,182.3936,0.001665751
platform,14,4.72,0.74,90,0,0,0.1233343
platform,4,4.63,0,358.1841,87.49993,353.0039,0
platform,4,-4.789999,0.002270618,1.815931,272.5001,352.7415,0.125
platform,4,-4.72,0.002270618,357.8122,275,182.6559,0
platform,4,4.57,0,2.187834,85,2.655934,0.125
platform,4,4.43,0,358.1841,82.50013,172.7416,0
platform,4,-4.59,0.002270618,1.815919,277.4999,352.7415,0.125
platform,4,4.23,0,2.187834,80.00005,2.655936,0
platform,4,-4.39,0.002270618,357.8122,279.9999,182.6559,0.125
platform,4,3.95,0,358.1859,74.93685,179.8189,0
platform,4,-4.11,0.002270618,1.814141,285.0631,359.8189,0.125
platform,4,-3.77,0.002270618,357.5484,282.8351,173.0915,0
platform,4,3.61,0,2.451639,77.16492,353.0915,0.125
platform,4,-3.38,0.002270618,1.695436,290.0602,2.472043,0
platform,4,3.22,0,358.3045,69.93976,2.734387,0.125
platform,4,-2.91,0.002270618,357.5484,287.835,173.0915,0
platform,4,2.75,0,2.451631,72.16505,172.8292,0.125
platform,4,2.21,0,358.3045,64.9399,182.472,0
platform,4,-2.37,0.002270618,1.695457,295.0602,182.7344,0.1166662
platform,4,-1.76,0.002270618,357.9147,292.8217,182.7372,0.008333842
platform,4,1.61,0,2.085302,67.17844,182.4748,0.1166662
platform,4,-1.09,0.002270618,2.126081,297.5445,352.8291,0
platform,4,0.93,0,357.8739,62.45546,353.0914,0.1166662
platform,4,0.28,0,2.0853,67.17833,2.737154,0
platform,4,-0.4400001,0.002270618,357.9147,292.8215,2.474797,0.1083349
platform,4,-0.35,-0.025,2.085327,247.1785,182.4748,0
platform,4,0.1900001,-0.02272938,357.9147,112.8217,182.7372,0.1166662
platform,4,0.8400002,-0.02272938,2.126094,117.5445,173.0914,0
platform,4,-1,-0.025,357.8739,242.4555,172.8291,0.1166662
platform,4,1.52,-0.02272938,357.9147,112.8216,2.4748,0.008333842
platform,4,-1.67,-0.025,2.0853,247.1783,2.737154,0.1166662
platform,4,2.12,-0.02272938,1.695452,115.0601,2.472012,0
platform,4,-2.28,-0.025,358.3045,244.9398,2.734387,0.125
platform,4,2.66,-0.02272938,357.5484,107.835,352.8292,0
platform,4,-2.82,-0.025,2.451644,252.1649,353.0915,0.125
platform,4,-3.29,-0.025,358.3046,249.9398,182.472,0
platform,4,3.13,-0.02272938,1.695455,110.0602,182.7344,0.125
platform,4,-3.68,-0.025,2.451639,257.1649,353.0915,0
platform,4,3.52,-0.02272938,357.5484,102.8351,173.0915,0.125
platform,4,-4.02,-0.025,358.1859,254.9369,179.8189,0
platform,4,3.86,-0.02272938,1.814143,105.0631,359.8189,0.125
platform,4,4.14,-0.02272938,357.8122,99.99995,182.6559,0
platform,4,-4.3,-0.025,2.187834,260.0001,2.655936,0.125
platform,4,4.34,-0.02272938,1.81595,97.49988,352.7416,0
platform,4,-4.5,-0.025,358.1841,262.5001,172.7415,0.125
platform,4,-4.63,-0.025,2.187834,265,2.655934,0
platform,4,4.48,-0.02272938,357.8122,95.00001,182.6559,0.09166718
platform,14,-4.76,0.74,90,0,0,0.03333282
platform,4,-4.7,-0.025,358.1841,267.4999,172.7416,0
platform,4,4.54,-0.02272938,1.815939,92.50008,173.0039,0.125
platform,4,-4.76,-0.02272938,357.8121,90.00002,2.393561,0
platform,4,4.59,-0.02272938,357.8121,90.00002,2.393561,0.008333842
platform,14,-4.76,0.74,90,0,0,0.1166662
platform,4,4.59,-0.02272938,1.815941,90,182.6559,0
platform,4,-4.76,-0.02272938,1.815941,90,182.6559,0.05000051
platform,14,-4.76,0.74,90,0,0,0.07499949
platform,4,4.59,-0.02272938,356.6252,90.00001,352.7415,0
platform,4,-4.76,-0.02272938,356.6252,90.00001,352.7415,0.1133347
platform,4,-5.9,-0.048,332.3484,251.8248,180.474,0
platform,4,5.9,-0.048,332.348,108.175,180.474,0.04999797
platform,12,4.45,-0.696,0,0,0,0
platform,12,-4.38,-0.696,0,0,0,0.03333537
platform,4,5.9,-0.048,332.348,81.91201,180.474,0
platform,4,-5.9,-0.048,332.3484,278.0879,180.474,0.06666565
platform,4,5.42,-0.048,332.348,51.91201,180.474,0
platform,4,-5.42,-0.048,332.3484,308.0879,180.474,1.036667
platform,4,1.427,0.325,0.8614959,88.80117,356.4021,0
platform,4,-1.5,0.325,0.8614959,88.80117,356.4021,0.125
platform,4,-1.5,0.229,3.015343,276.123,355.5273,0
platform,4,1.427,0.229,3.015343,276.123,355.5273,0.125
platform,4,-1.5,0.153,356.8287,269.1033,175.5266,0
platform,4,1.427,0.153,356.8287,269.1033,175.5266,0.125
platform,4,1.427,0,2.626698,276.1534,175.5288,0
platform,4,-1.5,0,2.626698,276.1534,175.5288,0.125
platform,4,-1.5,0,4.483975,88.85535,-6.422961E-07,0
platform,4,1.427,0,4.483975,88.85535,-6.422961E-07,0.125
platform,4,-1.5,0.105,2.285448,276.4914,3.323895,0
platform,4,1.427,0.105,2.285448,276.4914,3.323895,0.125
platform,4,1.427,0.191,355.1423,268.5728,183.3332,0
platform,4,-1.5,0.191,355.1423,268.5728,183.3332,0.125
platform,4,-1.5,0.115,3.827349,276.1273,176.5379,0
platform,4,1.427,0.115,3.827349,276.1273,176.5379,0.125
platform,4,1.427,0,358.1267,88.7422,3.456213,0
platform,4,-1.5,0,358.1267,88.7422,3.456213,0.125
platform,4,1.427,0,359.1407,275.2358,7.563732,0
platform,4,-1.5,0,359.1407,275.2358,7.563732,0.125
platform,4,1.427,0.124,1.983174,269.1194,187.5861,0
platform,4,-1.5,0.124,1.983174,269.1194,187.5861,0.125
platform,4,1.427,0.229,2.974167,276.755,187.5918,0
platform,4,-1.5,0.229,2.974167,276.755,187.5918,0.125
platform,4,1.427,0.305,5.275776,88.85532,-1.071757E-06,0
platform,4,-1.5,0.305,5.275776,88.85532,-1.071757E-06,0.125
platform,4,1.427,0.248,1.995349,276.2182,355.9724,0
platform,4,-1.5,0.248,1.995349,276.2182,355.9724,0.125
platform,4,-1.5,0.21,0.997674,268.7851,175.9743,0
platform,4,1.427,0.21,0.997674,268.7851,175.9743,0.125
platform,4,-1.5,0.095,2.690696,276.1692,175.9704,0
platform,4,1.427,0.095,2.690696,276.1692,175.9704,0.125
platform,4,-1.5,0,357.9933,88.85533,5.33936E-07,0
platform,4,1.427,0,357.9933,88.85533,5.33936E-07,0.09749857
platform,4,-1.5,-0.116,358.831,268.733,-1.174183E-06,0.004168192
platform,4,1.427,-0.045,358.831,271.2106,-5.870916E-07,0.0649999
platform,4,2.9,-0.048,332.348,108.175,180.474,0
platform,4,-2.9,-0.048,332.3484,251.8248,180.474,0.05000051
platform,12,1.45,-0.696,0,0,0,0
platform,12,-1.383,-0.696,0,0,0,0.03333282
platform,4,-2.9,-0.048,332.3484,278.0879,180.474,0
platform,4,2.9,-0.048,332.348,81.91201,180.474,0.06666565
platform,4,-2.42,-0.048,332.3484,308.0879,180.474,0
platform,4,2.42,-0.048,332.348,51.91201,180.474,1.244166
platform,1,0,0,0,0,0,0.883667
platform,1,1,0,0,0,0,0.8900859
platform,1,2,0,0,0,0,0.8903325
platform,1,1,0,0,0,0,0.8897502
platform,1,0,0,0,0,0,0.8019994
platform,4,1.427,0.325,0.8614959,88.80117,356.4021,0
platform,4,-1.5,0.325,0.8614959,88.80117,356.4021,0.125
platform,4,1.427,0.229,3.015343,276.123,355.5273,0
platform,4,-1.5,0.229,3.015343,276.123,355.5273,0.125
platform,4,1.427,0.153,356.8287,269.1033,175.5266,0
platform,4,-1.5,0.153,356.8287,269.1033,175.5266,0.125
platform,4,-1.5,0,2.626698,276.1534,175.5288,0
platform,4,1.427,0,2.626698,276.1534,175.5288,0.125
platform,4,-1.5,0,4.483975,88.85535,-6.422961E-07,0
platform,4,1.427,0,4.483975,88.85535,-6.422961E-07,0.125
platform,4,1.427,0.105,2.285448,276.4914,3.323895,0
platform,4,-1.5,0.105,2.285448,276.4914,3.323895,0.125
platform,4,1.427,0.191,355.1423,268.5728,183.3332,0
platform,4,-1.5,0.191,355.1423,268.5728,183.3332,0.125
platform,4,-1.5,0.115,3.827349,276.1273,176.5379,0
platform,4,1.427,0.115,3.827349,276.1273,176.5379,0.125
platform,4,1.427,0,358.1267,88.7422,3.456213,0
platform,4,-1.5,0,358.1267,88.7422,3.456213,0.125
platform,4,1.427,0,359.1407,275.2358,7.563732,0
platform,4,-1.5,0,359.1407,275.2358,7.563732,0.125
platform,4,-1.5,0.124,1.983174,269.1194,187.5861,0
platform,4,1.427,0.124,1.983174,269.1194,187.5861,0.125
platform,4,-1.5,0.229,2.974167,276.755,187.5918,0
platform,4,1.427,0.229,2.974167,276.755,187.5918,0.125
platform,4,-1.5,0.305,5.275776,88.85532,-1.071757E-06,0
platform,4,1.427,0.305,5.275776,88.85532,-1.071757E-06,0.125
platform,4,1.427,0.248,1.995349,276.2182,355.9724,0
platform,4,-1.5,0.248,1.995349,276.2182,355.9724,0.125
platform,4,-1.5,0.21,0.997674,268.7851,175.9743,0
platform,4,1.427,0.21,0.997674,268.7851,175.9743,0.125
platform,4,-1.5,0.095,2.690696,276.1692,175.9704,0
platform,4,1.427,0.095,2.690696,276.1692,175.9704,0.125
platform,4,-1.5,0,357.9933,88.85533,5.33936E-07,0
platform,4,1.427,0,357.9933,88.85533,5.33936E-07,0.100001
platform,4,-1.5,-0.116,358.831,268.733,-1.174183E-06,0
platform,4,1.427,-0.045,358.831,271.2106,-5.870916E-07,0.06666565
platform,4,-2.9,-0.048,332.3484,251.8248,180.474,0
platform,4,2.9,-0.048,332.348,108.175,180.474,0.05000051
platform,12,1.45,-0.696,0,0,0,0
platform,12,-1.383,-0.696,0,0,0,0.03333282
platform,4,-2.9,-0.048,332.3484,278.0879,180.474,0
platform,4,2.9,-0.048,332.348,81.91201,180.474,0.06666565
platform,4,2.42,-0.048,332.348,51.91201,180.474,0
platform,4,-2.42,-0.048,332.3484,308.0879,180.474,1.183334
platform,10,0,0,0,90,0,0
platform,10,5.3,0,0,90,0,0
platform,10,-5.3,0,0,90,0,0.1666667
platform,10,2.6,0,0,90,0,0
platform,10,5.5,-2,90,90,0,0
platform,10,-2.7,0,0,90,0,0
platform,10,-5.5,-2,90,90,0,0.1666667
platform,10,5.3,0,0,90,0,0
platform,10,-5.3,0,0,90,0,0
platform,10,0,0,0,90,0,0.1666667
platform,10,5.5,-2,90,90,0,0
platform,10,2.6,0,0,90,0,0
platform,10,-5.5,-2,90,90,0,0
platform,10,-2.7,0,0,90,0,0.1666667
platform,10,0,0,0,90,0,0
platform,10,-5.3,0,0,90,0,0
platform,10,5.3,0,0,90,0,0.1666667
platform,10,2.6,0,0,90,0,0
platform,10,-5.5,-2,90,90,0,0
platform,10,5.5,-2,90,90,0,0
platform,10,-2.7,0,0,90,0,0.1666667
platform,10,-5.3,0,0,90,0,0
platform,10,0,0,0,90,0,0
platform,10,5.3,0,0,90,0,0.008331299
platform,14,2.69,0.74,90,0,0,0.1583354
platform,10,-2.7,0,0,90,0,0
platform,10,-5.5,-2,90,90,0,0
platform,10,2.6,0,0,90,0,0
platform,10,5.5,-2,90,90,0,0.008331299
platform,14,2.69,0.74,90,0,0,0.1583354
platform,10,-5.3,0,0,90,0,0
platform,10,0,0,0,90,0,0
platform,10,5.3,0,0,90,0,0.008331299
platform,14,2.69,0.74,90,0,0,0.1583354
platform,10,-2.7,0,0,90,0,0
platform,10,5.5,-2,90,90,0,0
platform,10,2.6,0,0,90,0,0
platform,10,-5.5,-2,90,90,0,0.1666667
platform,10,-5.3,0,0,90,0,0
platform,10,5.3,0,0,90,0,0
platform,10,0,0,0,90,0,0.04499817
platform,11,2.69,0.714,0,0,0,0.1216685
platform,10,5.5,-2,90,90,0,0
platform,10,-2.7,0,0,90,0,0
platform,10,2.6,0,0,90,0,0
platform,10,-5.5,-2,90,90,0,0.1666667
platform,10,-5.3,0,0,90,0,0
platform,10,0,0,0,90,0,0
platform,10,5.3,0,0,90,0,0.1666667
platform,10,5.5,-2,90,90,0,0
platform,10,-2.7,0,0,90,0,0
platform,10,2.6,0,0,90,0,0
platform,10,-5.5,-2,90,90,0,0.1666667
platform,10,5.3,0,0,90,0,0
platform,10,-5.3,0,0,90,0,0
platform,10,0,0,0,90,0,0.1666667
platform,10,-2.7,0,0,90,0,0
platform,10,-5.5,-2,90,90,0,0
platform,10,5.5,-2,90,90,0,0
platform,10,2.6,0,0,90,0,0.1666667
platform,10,0,0,0,90,0,0
platform,10,-5.3,0,0,90,0,0
platform,10,5.3,0,0,90,0,0.008331299
platform,14,-2.68,0.74,90,0,0,0.1583354
platform,10,5.5,-2,90,90,0,0
platform,10,-5.5,-2,90,90,0,0
platform,10,2.6,0,0,90,0,0
platform,10,-2.7,0,0,90,0,0.008331299
platform,14,-2.68,0.74,90,0,0,0.1583354
platform,10,5.3,0,0,90,0,0
platform,10,-5.3,0,0,90,0,0
platform,10,0,0,0,90,0,0.008331299
platform,14,-2.68,0.74,90,0,0,0.1583354
platform,10,5.5,-2,90,90,0,0
platform,10,-5.5,-2,90,90,0,0
platform,10,-2.7,0,0,90,0,0
platform,10,2.6,0,0,90,0,0.1666667
platform,10,5.3,0,0,90,0,0
platform,10,0,0,0,90,0,0
platform,10,-5.3,0,0,90,0,0.04166667
platform,11,-2.78,0.714,0,0,0,0.125
platform,10,-2.7,0,0,90,0,0
platform,10,2.6,0,0,90,0,0
platform,10,5.5,-2,90,90,0,0
platform,10,-5.5,-2,90,90,0,0.1666667
platform,10,0,0,0,90,0,0
platform,10,-5.3,0,0,90,0,0
platform,10,5.3,0,0,90,0,0.1666667
platform,10,5.5,-2,90,90,0,0
platform,10,2.6,0,0,90,0,0
platform,10,-5.5,-2,90,90,0,0
platform,10,-2.7,0,0,90,0,0.1666667
platform,10,5.3,0,0,90,0,0
platform,10,-5.3,0,0,90,0,0
platform,10,0,0,0,90,0,0.1666667
platform,10,-5.5,-2,90,90,0,0
platform,10,5.5,-2,90,90,0,0
platform,10,2.6,0,0,90,0,0
platform,10,-2.7,0,0,90,0,0.1666667
platform,10,-5.3,0,0,90,0,0
platform,10,5.3,0,0,90,0,0
platform,10,0,0,0,90,0,0.1666667
platform,10,5.5,-2,90,90,0,0
platform,10,-2.7,0,0,90,0,0
platform,10,-5.5,-2,90,90,0,0
platform,10,2.6,0,0,90,0,0.008331299
platform,14,2.55,0.74,90,0,0,0.1583354
platform,10,-5.3,0,0,90,0,0
platform,10,5.3,0,0,90,0,0
platform,10,0,0,0,90,0,0.008331299
platform,14,2.55,0.74,90,0,0,0.1583354
platform,10,-2.7,0,0,90,0,0
platform,10,-5.5,-2,90,90,0,0
platform,10,2.6,0,0,90,0,0
platform,10,5.5,-2,90,90,0,0.008331299
platform,14,2.55,0.74,90,0,0,0.1583354
platform,10,-5.3,0,0,90,0,0
platform,10,0,0,0,90,0,0
platform,10,5.3,0,0,90,0,0.1666667
platform,10,-5.5,-2,90,90,0,0
platform,10,2.6,0,0,90,0,0
platform,10,-2.7,0,0,90,0,0
platform,10,5.5,-2,90,90,0,0.04333496
platform,11,2.53,0.714,0,0,0,0.1233317
platform,10,-5.3,0,0,90,0,0
platform,10,0,0,0,90,0,0
platform,10,5.3,0,0,90,0,0.1666667
platform,10,5.5,-2,90,90,0,0
platform,10,-5.5,-2,90,90,0,0
platform,10,2.6,0,0,90,0,0
platform,10,-2.7,0,0,90,0,0.1666667
platform,10,5.3,0,0,90,0,0
platform,10,-5.3,0,0,90,0,0
platform,10,0,0,0,90,0,0.1666667
platform,10,-2.7,0,0,90,0,0
platform,10,2.6,0,0,90,0,0
platform,10,5.5,-2,90,90,0,0
platform,10,-5.5,-2,90,90,0,0.1666667
platform,10,0,0,0,90,0,0
platform,10,5.3,0,0,90,0,0
platform,10,-5.3,0,0,90,0,0.1666667
platform,10,5.5,-2,90,90,0,0
platform,10,-5.5,-2,90,90,0,0
platform,10,-2.7,0,0,90,0,0
platform,10,2.6,0,0,90,0,0.1666667
platform,10,0,0,0,90,0,0
platform,10,5.3,0,0,90,0,0
platform,10,-5.3,0,0,90,0,0.1666667
platform,4,-4.84,0.002270618,356.6252,270,173.0039,0
platform,4,4.68,0,3.374771,90,172.7415,0.125
platform,4,4.68,0,358.1841,90.00001,2.655933,0
platform,4,-4.84,0.002270618,1.815896,270,2.393584,0.125
platform,4,-4.84,0.002270618,357.8122,270,182.6559,0
platform,4,4.68,0,2.187871,89.99998,182.3936,0.125
platform,4,4.63,0,358.1841,87.49993,353.0039,0
platform,4,-4.789999,0.002270618,1.815931,272.5001,352.7415,0.125
platform,4,-4.72,0.002270618,357.8122,275,182.6559,0
platform,4,4.57,0,2.187834,85,2.655934,0.125
platform,4,4.43,0,358.1841,82.50013,172.7416,0
platform,4,-4.59,0.002270618,1.815919,277.4999,352.7415,0.125
platform,4,4.23,0,2.187834,80.00005,2.655936,0
platform,4,-4.39,0.002270618,357.8122,279.9999,182.6559,0.125
platform,4,3.95,0,358.1859,74.93685,179.8189,0
platform,4,-4.11,0.002270618,1.814141,285.0631,359.8189,0.125
platform,4,-3.77,0.002270618,357.5484,282.8351,173.0915,0
platform,4,3.61,0,2.451639,77.16492,353.0915,0.125
platform,4,-3.38,0.002270618,1.695436,290.0602,2.472043,0
platform,4,3.22,0,358.3045,69.93976,2.734387,0.125
platform,4,-2.91,0.002270618,357.5484,287.835,173.0915,0
platform,4,2.75,0,2.451631,72.16505,172.8292,0.125
platform,4,2.21,0,358.3045,64.9399,182.472,0
platform,4,-2.37,0.002270618,1.695457,295.0602,182.7344,0.1166687
platform,4,-1.76,0.002270618,357.9147,292.8217,182.7372,0.008331299
platform,4,1.61,0,2.085302,67.17844,182.4748,0.1166687
platform,4,-1.09,0.002270618,2.126081,297.5445,352.8291,0
platform,4,0.93,0,357.8739,62.45546,353.0914,0.1166636
platform,4,-0.4400001,0.002270618,357.9147,292.8215,2.474797,0
platform,4,0.28,0,2.0853,67.17833,2.737154,0.1083323
platform,4,0.1900001,-0.02272938,357.9147,112.8217,182.7372,0
platform,4,-0.35,-0.025,2.085327,247.1785,182.4748,0.1166687
platform,4,0.8400002,-0.02272938,2.126094,117.5445,173.0914,0
platform,4,-1,-0.025,357.8739,242.4555,172.8291,0.1166687
platform,4,1.52,-0.02272938,357.9147,112.8216,2.4748,0.008331299
platform,4,-1.67,-0.025,2.0853,247.1783,2.737154,0.1166687
platform,4,2.12,-0.02272938,1.695452,115.0601,2.472012,0
platform,4,-2.28,-0.025,358.3045,244.9398,2.734387,0.125
platform,4,-2.82,-0.025,2.451644,252.1649,353.0915,0
platform,4,2.66,-0.02272938,357.5484,107.835,352.8292,0.125
platform,4,3.13,-0.02272938,1.695455,110.0602,182.7344,0
platform,4,-3.29,-0.025,358.3046,249.9398,182.472,0.125
platform,4,-3.68,-0.025,2.451639,257.1649,353.0915,0
platform,4,3.52,-0.02272938,357.5484,102.8351,173.0915,0.125
platform,4,-4.02,-0.025,358.1859,254.9369,179.8189,0
platform,4,3.86,-0.02272938,1.814143,105.0631,359.8189,0.125
platform,4,-4.3,-0.025,2.187834,260.0001,2.655936,0
platform,4,4.14,-0.02272938,357.8122,99.99995,182.6559,0.125
platform,4,-4.5,-0.025,358.1841,262.5001,172.7415,0
platform,4,4.34,-0.02272938,1.81595,97.49988,352.7416,0.125
platform,4,-4.63,-0.025,2.187834,265,2.655934,0
platform,4,4.48,-0.02272938,357.8122,95.00001,182.6559,0.125
platform,4,4.54,-0.02272938,1.815939,92.50008,173.0039,0
platform,4,-4.7,-0.025,358.1841,267.4999,172.7416,0.125
platform,4,4.59,-0.02272938,357.8121,90.00002,2.393561,0
platform,4,-4.75,-0.025,2.187834,270,2.655934,0.125
platform,4,-4.75,-0.025,358.1841,270,182.3936,0
platform,4,4.59,-0.02272938,1.815941,90,182.6559,0.125
platform,4,4.59,-0.02272938,356.6252,90.00001,352.7415,0
platform,4,-4.75,-0.025,3.374774,270,353.0039,0.04999797
platform,14,-4.81,0.74,90,0,0,0.08333334
platform,4,4.68,0,3.374771,90,172.7415,0
platform,4,-4.84,0.002270618,356.6252,270,173.0039,0.08333334
platform,14,-4.81,0.74,90,0,0,0.04166667
platform,4,-4.84,0.002270618,1.815896,270,2.393584,0
platform,4,4.68,0,358.1841,90.00001,2.655933,0.125
platform,4,4.68,0,2.187871,89.99998,182.3936,0
platform,14,-4.81,0.74,90,0,0,0
platform,4,-4.84,0.002270618,357.8122,270,182.6559,0.125
platform,4,4.63,0,358.1841,87.49993,353.0039,0
platform,4,-4.789999,0.002270618,1.815931,272.5001,352.7415,0.125
platform,4,-4.72,0.002270618,357.8122,275,182.6559,0
platform,4,4.57,0,2.187834,85,2.655934,0.125
platform,4,4.43,0,358.1841,82.50013,172.7416,0
platform,4,-4.59,0.002270618,1.815919,277.4999,352.7415,0.125
platform,4,4.23,0,2.187834,80.00005,2.655936,0
platform,4,-4.39,0.002270618,357.8122,279.9999,182.6559,0.125
platform,4,-4.11,0.002270618,1.814141,285.0631,359.8189,0
platform,4,3.95,0,358.1859,74.93685,179.8189,0.125
platform,4,3.61,0,2.451639,77.16492,353.0915,0
platform,4,-3.77,0.002270618,357.5484,282.8351,173.0915,0.125
platform,4,3.22,0,358.3045,69.93976,2.734387,0
platform,4,-3.38,0.002270618,1.695436,290.0602,2.472043,0.125
platform,4,-2.91,0.002270618,357.5484,287.835,173.0915,0
platform,4,2.75,0,2.451631,72.16505,172.8292,0.125
platform,4,2.21,0,358.3045,64.9399,182.472,0
platform,4,-2.37,0.002270618,1.695457,295.0602,182.7344,0.1166687
platform,4,-1.76,0.002270618,357.9147,292.8217,182.7372,0.008331299
platform,4,1.61,0,2.085302,67.17844,182.4748,0.1166687
platform,4,-1.09,0.002270618,2.126081,297.5445,352.8291,0
platform,4,0.93,0,357.8739,62.45546,353.0914,0.1166636
platform,4,-0.4400001,0.002270618,357.9147,292.8215,2.474797,0
platform,4,0.28,0,2.0853,67.17833,2.737154,0.1083323
platform,4,-0.35,-0.025,2.085327,247.1785,182.4748,0
platform,4,0.1900001,-0.02272938,357.9147,112.8217,182.7372,0.1166687
platform,4,-1,-0.025,357.8739,242.4555,172.8291,0
platform,4,0.8400002,-0.02272938,2.126094,117.5445,173.0914,0.1166687
platform,4,1.52,-0.02272938,357.9147,112.8216,2.4748,0.008331299
platform,4,-1.67,-0.025,2.0853,247.1783,2.737154,0.1166687
platform,4,2.12,-0.02272938,1.695452,115.0601,2.472012,0
platform,4,-2.28,-0.025,358.3045,244.9398,2.734387,0.125
platform,4,2.66,-0.02272938,357.5484,107.835,352.8292,0
platform,4,-2.82,-0.025,2.451644,252.1649,353.0915,0.125
platform,4,3.13,-0.02272938,1.695455,110.0602,182.7344,0
platform,4,-3.29,-0.025,358.3046,249.9398,182.472,0.125
platform,4,3.52,-0.02272938,357.5484,102.8351,173.0915,0
platform,4,-3.68,-0.025,2.451639,257.1649,353.0915,0.125
platform,4,-4.02,-0.025,358.1859,254.9369,179.8189,0
platform,4,3.86,-0.02272938,1.814143,105.0631,359.8189,0.125
platform,4,4.14,-0.02272938,357.8122,99.99995,182.6559,0
platform,4,-4.3,-0.025,2.187834,260.0001,2.655936,0.125
platform,4,-4.5,-0.025,358.1841,262.5001,172.7415,0
platform,4,4.34,-0.02272938,1.81595,97.49988,352.7416,0.125
platform,4,-4.63,-0.025,2.187834,265,2.655934,0
platform,4,4.48,-0.02272938,357.8122,95.00001,182.6559,0.09166463
platform,14,4.57,0.74,90,0,0,0.03333537
platform,4,4.54,-0.02272938,1.815939,92.50008,173.0039,0
platform,4,-4.7,-0.025,358.1841,267.4999,172.7416,0.125
platform,4,-4.75,-0.025,2.187834,270,2.655934,0
platform,4,4.59,-0.02272938,357.8121,90.00002,2.393561,0.008331299
platform,14,4.57,0.74,90,0,0,0.1166687
platform,4,4.59,-0.02272938,1.815941,90,182.6559,0
platform,4,-4.75,-0.025,358.1841,270,182.3936,0.04999797
platform,14,4.57,0.74,90,0,0,0.07500204
platform,4,4.59,-0.02272938,356.6252,90.00001,352.7415,0
platform,4,-4.75,-0.025,3.374774,270,353.0039,0.08832804
platform,4,-5.9,-0.048,332.3484,251.8248,180.474,0
platform,4,5.9,-0.048,332.348,108.175,180.474,0.05000305
platform,12,4.45,-0.696,0,0,0,0
platform,12,-4.38,-0.696,0,0,0,0.03333028
platform,4,5.9,-0.048,332.348,81.91201,180.474,0
platform,4,-5.9,-0.048,332.3484,278.0879,180.474,0.06667074
platform,4,-5.42,-0.048,332.3484,308.0879,180.474,0
platform,4,5.42,-0.048,332.348,51.91201,180.474,1.144999
platform,4,1.427,0.325,0.8614959,88.80117,356.4021,0
platform,4,-1.5,0.325,0.8614959,88.80117,356.4021,0.125
platform,4,-1.5,0.229,3.015343,276.123,355.5273,0
platform,4,1.427,0.229,3.015343,276.123,355.5273,0.125
platform,4,-1.5,0.153,356.8287,269.1033,175.5266,0
platform,4,1.427,0.153,356.8287,269.1033,175.5266,0.125
platform,4,1.427,0,2.626698,276.1534,175.5288,0
platform,4,-1.5,0,2.626698,276.1534,175.5288,0.125
platform,4,-1.5,0,4.483975,88.85535,-6.422961E-07,0
platform,4,1.427,0,4.483975,88.85535,-6.422961E-07,0.125
platform,4,-1.5,0.105,2.285448,276.4914,3.323895,0
platform,4,1.427,0.105,2.285448,276.4914,3.323895,0.125
platform,4,1.427,0.191,355.1423,268.5728,183.3332,0
platform,4,-1.5,0.191,355.1423,268.5728,183.3332,0.125
platform,4,1.427,0.115,3.827349,276.1273,176.5379,0
platform,4,-1.5,0.115,3.827349,276.1273,176.5379,0.125
platform,4,-1.5,0,358.1267,88.7422,3.456213,0
platform,4,1.427,0,358.1267,88.7422,3.456213,0.125
platform,4,-1.5,0,359.1407,275.2358,7.563732,0
platform,4,1.427,0,359.1407,275.2358,7.563732,0.125
platform,4,-1.5,0.124,1.983174,269.1194,187.5861,0
platform,4,1.427,0.124,1.983174,269.1194,187.5861,0.125
platform,4,-1.5,0.229,2.974167,276.755,187.5918,0
platform,4,1.427,0.229,2.974167,276.755,187.5918,0.125
platform,4,1.427,0.305,5.275776,88.85532,-1.071757E-06,0
platform,4,-1.5,0.305,5.275776,88.85532,-1.071757E-06,0.125
platform,4,1.427,0.248,1.995349,276.2182,355.9724,0
platform,4,-1.5,0.248,1.995349,276.2182,355.9724,0.125
platform,4,-1.5,0.21,0.997674,268.7851,175.9743,0
platform,4,1.427,0.21,0.997674,268.7851,175.9743,0.125
platform,4,-1.5,0.095,2.690696,276.1692,175.9704,0
platform,4,1.427,0.095,2.690696,276.1692,175.9704,0.125
platform,4,1.427,0,357.9933,88.85533,5.33936E-07,0
platform,4,-1.5,0,357.9933,88.85533,5.33936E-07,0.09749857
platform,4,-1.5,-0.116,358.831,268.733,-1.174183E-06,0.004165649
platform,4,1.427,-0.045,358.831,271.2106,-5.870916E-07,0.06500244
platform,4,-2.9,-0.048,332.3484,251.8248,180.474,0
platform,4,2.9,-0.048,332.348,108.175,180.474,0.04999797
platform,12,1.45,-0.696,0,0,0,0
platform,12,-1.383,-0.696,0,0,0,0.03333537
platform,4,2.9,-0.048,332.348,81.91201,180.474,0
platform,4,-2.9,-0.048,332.3484,278.0879,180.474,0.06666565
platform,4,2.42,-0.048,332.348,51.91201,180.474,0
platform,4,-2.42,-0.048,332.3484,308.0879,180.474,1.244166
platform,1,0,0,0,0,0,0.883667
platform,1,1,0,0,0,0,0.8900859
platform,1,-1,0,0,0,0,0.89033
platform,1,-2,0,0,0,0,0.8897502
platform,1,-3,0,0,0,0,0.7603353
platform,7,0.1,-0.141,0,0,0,0
platform,7,-9.7,-0.141,0,0,0,0.04166667
platform,10,-2.2,0,0,90,0,0
platform,10,-7.4,0,0,90,0,0.04166667
platform,7,-9.7,-0.141,0,0,0,0
platform,7,0.1,-0.141,0,0,0,0.08333334
platform,7,-10.2,-0.141,0,0,0,0
platform,7,-0.4,-0.141,0,0,0,0.04166667
platform,10,-7.9,0,0,90,0,0
platform,10,-2.7,0,0,90,0,0.04166667
platform,7,-10.2,-0.141,0,0,0,0
platform,7,-0.4,-0.141,0,0,0,0.08333334
platform,7,0.1,-0.141,0,0,0,0
platform,7,-9.7,-0.141,0,0,0,0.04166667
platform,10,-7.4,0,0,90,0,0
platform,10,-2.2,0,0,90,0,0.04166667
platform,7,0.1,-0.141,0,0,0,0
platform,7,-9.7,-0.141,0,0,0,0.08333334
platform,7,-10.2,-0.141,0,0,0,0
platform,7,-0.4,-0.141,0,0,0,0.04166667
platform,10,-2.7,0,0,90,0,0
platform,10,-7.9,0,0,90,0,0.04166667
platform,7,-10.2,-0.141,0,0,0,0
platform,7,-0.4,-0.141,0,0,0,0.08333334
platform,7,0.1,-0.141,0,0,0,0
platform,7,-9.7,-0.141,0,0,0,0.04166667
platform,10,-2.2,0,0,90,0,0
platform,10,-7.4,0,0,90,0,0.04166667
platform,7,-9.7,-0.141,0,0,0,0
platform,7,0.1,-0.141,0,0,0,0.08333334
platform,7,-10.2,-0.141,0,0,0,0
platform,7,-0.4,-0.141,0,0,0,0.04166667
platform,10,-2.7,0,0,90,0,0
platform,10,-7.9,0,0,90,0,0.04166667
platform,7,-10.2,-0.141,0,0,0,0
platform,7,-0.4,-0.141,0,0,0,0.08333334
platform,7,-9.7,-0.141,0,0,0,0
platform,7,0.1,-0.141,0,0,0,0.04166667
platform,10,-7.4,0,0,90,0,0
platform,10,-2.2,0,0,90,0,0.04166667
platform,7,0.1,-0.141,0,0,0,0
platform,7,-9.7,-0.141,0,0,0,0.08333334
platform,7,-0.4,-0.141,0,0,0,0
platform,7,-10.2,-0.141,0,0,0,0.04166667
platform,10,-7.9,0,0,90,0,0
platform,10,-2.7,0,0,90,0,0.04166667
platform,7,-10.2,-0.141,0,0,0,0
platform,7,-0.4,-0.141,0,0,0,0.08333334
platform,7,0.1,-0.141,0,0,0,0
platform,7,-9.7,-0.141,0,0,0,0.04166667
platform,10,-2.2,0,0,90,0,0
platform,10,-7.4,0,0,90,0,0.04166667
platform,7,0.1,-0.141,0,0,0,0
platform,7,-9.7,-0.141,0,0,0,0.08333334
platform,7,-0.4,-0.141,0,0,0,0
platform,7,-10.2,-0.141,0,0,0,0.04166667
platform,10,-7.9,0,0,90,0,0
platform,10,-2.7,0,0,90,0,0.04166667
platform,7,-10.2,-0.141,0,0,0,0
platform,7,-0.4,-0.141,0,0,0,0.08333334
platform,7,-9.7,-0.141,0,0,0,0
platform,7,0.1,-0.141,0,0,0,0.04166667
platform,10,-7.4,0,0,90,0,0
platform,10,-2.2,0,0,90,0,0.04166667
platform,7,0.1,-0.141,0,0,0,0
platform,7,-9.7,-0.141,0,0,0,0.08333334
platform,7,-10.2,-0.141,0,0,0,0
platform,7,-0.4,-0.141,0,0,0,0.04166667
platform,10,-7.9,0,0,90,0,0
platform,10,-2.7,0,0,90,0,0.04166667
platform,7,-0.4,-0.141,0,0,0,0
platform,7,-10.2,-0.141,0,0,0,0.08333334
platform,7,-9.7,-0.141,0,0,0,0
platform,7,0.1,-0.141,0,0,0,0.04166667
platform,10,-2.2,0,0,90,0,0
platform,10,-7.4,0,0,90,0,0.04166667
platform,7,0.1,-0.141,0,0,0,0
platform,7,-9.7,-0.141,0,0,0,0.08333334
platform,7,-10.2,-0.141,0,0,0,0
platform,7,-0.4,-0.141,0,0,0,0.04166667
platform,10,-7.9,0,0,90,0,0
platform,10,-2.7,0,0,90,0,0.04166667
platform,7,-0.4,-0.141,0,0,0,0
platform,7,-10.2,-0.141,0,0,0,0.08333334
platform,7,0.1,-0.141,0,0,0,0
platform,7,-9.7,-0.141,0,0,0,0.04166667
platform,10,-2.2,0,0,90,0,0
platform,10,-7.4,0,0,90,0,0.04166667
platform,7,-9.7,-0.141,0,0,0,0
platform,7,0.1,-0.141,0,0,0,0.08333334
platform,7,-0.4,-0.141,0,0,0,0
platform,7,-10.2,-0.141,0,0,0,0.04166667
platform,10,-2.7,0,0,90,0,0
platform,10,-7.9,0,0,90,0,0.04166667
platform,7,-0.4,-0.141,0,0,0,0
platform,7,-10.2,-0.141,0,0,0,0.08333334
platform,7,-9.7,-0.141,0,0,0,0
platform,7,0.1,-0.141,0,0,0,0.04166667
platform,10,-7.4,0,0,90,0,0
platform,10,-2.2,0,0,90,0,0.04166667
platform,7,-9.7,-0.141,0,0,0,0
platform,7,0.1,-0.141,0,0,0,0.08333334
platform,7,-10.2,-0.141,0,0,0,0
platform,7,-0.4,-0.141,0,0,0,0.04166667
platform,10,-7.9,0,0,90,0,0
platform,10,-2.7,0,0,90,0,0.04166667
platform,7,-0.4,-0.141,0,0,0,0
platform,7,-10.2,-0.141,0,0,0,0.08333334
platform,7,0.1,-0.141,0,0,0,0
platform,7,-9.7,-0.141,0,0,0,0.04166667
platform,10,-2.2,0,0,90,0,0
platform,10,-7.4,0,0,90,0,0.04166667
platform,7,-9.7,-0.141,0,0,0,0
platform,7,0.1,-0.141,0,0,0,0.08333334
platform,7,-10.2,-0.141,0,0,0,0
platform,7,-0.4,-0.141,0,0,0,0.04166667
platform,10,-2.7,0,0,90,0,0
platform,10,-7.9,0,0,90,0,0.04166667
platform,7,-10.2,-0.141,0,0,0,0
platform,7,-0.4,-0.141,0,0,0,0.08333334
platform,7,0.1,-0.141,0,0,0,0
platform,7,-9.7,-0.141,0,0,0,0.04166667
platform,10,-2.2,0,0,90,0,0
platform,10,-7.4,0,0,90,0,0.04166667
platform,7,0.1,-0.141,0,0,0,0
platform,7,-9.7,-0.141,0,0,0,0.125
platform,4,-1.9,0.002270618,356.6252,270,173.0039,0
platform,4,-4.8,0.002270618,356.6252,270,173.0039,0
platform,4,-7.9,0.002270618,356.6252,270,173.0039,0.125
platform,4,-1.9,0.002270618,1.815896,270,2.393584,0
platform,4,-4.8,0.002270618,1.815896,270,2.393584,0
platform,4,-7.9,0.002270618,1.815896,270,2.393584,0.125
platform,4,-7.9,0.002270618,357.8122,270,182.6559,0
platform,4,-1.9,0.002270618,357.8122,270,182.6559,0
platform,4,-4.8,0.002270618,357.8122,270,182.6559,0.125
platform,4,-7.8,0.002270618,1.815931,272.5001,352.7415,0
platform,4,-4.8,0.002270618,1.815931,272.5001,352.7415,0
platform,4,-1.8,0.002270618,1.815931,272.5001,352.7415,0.125
platform,4,-4.7,0.002270618,357.8122,275,182.6559,0
platform,4,-7.8,0.002270618,357.8122,275,182.6559,0
platform,4,-1.8,0.002270618,357.8122,275,182.6559,0.125
platform,4,-4.6,0.002270618,1.815919,277.4999,352.7415,0
platform,4,-1.6,0.002270618,1.815919,277.4999,352.7415,0
platform,4,-7.6,0.002270618,1.815919,277.4999,352.7415,0.125
platform,4,-1.4,0.002270618,357.8122,279.9999,182.6559,0
platform,4,-4.4,0.002270618,357.8122,279.9999,182.6559,0
platform,4,-7.4,0.002270618,357.8122,279.9999,182.6559,0.125
platform,4,-7.2,0.002270618,1.814141,285.0631,359.8189,0
platform,4,-4.1,0.002270618,1.814141,285.0631,359.8189,0
platform,4,-1.2,0.002270618,1.814141,285.0631,359.8189,0.125
platform,4,-0.8000002,0.002270618,357.5484,282.8351,173.0915,0
platform,4,-3.8,0.002270618,357.5484,282.8351,173.0915,0
platform,4,-6.8,0.002270618,357.5484,282.8351,173.0915,0.125
platform,4,-6.4,0.002270618,1.695436,290.0602,2.472043,0
platform,4,-0.4000001,0.002270618,1.695436,290.0602,2.472043,0
platform,4,-3.4,0.002270618,1.695436,290.0602,2.472043,0.125
platform,4,-6,0.002270618,357.5484,287.835,173.0915,0
platform,4,-2.9,0.002270618,357.5484,287.835,173.0915,0
platform,4,0,0.002270618,357.5484,287.835,173.0915,0.125
platform,4,-2.4,0.002270618,1.695457,295.0602,182.7344,0
platform,4,-5.4,0.002270618,1.695457,295.0602,182.7344,0
platform,4,0.5999999,0.002270618,1.695457,295.0602,182.7344,0.1166687
platform,4,1.2,0.002270618,357.9147,292.8217,182.7372,0
platform,4,-1.8,0.002270618,357.9147,292.8217,182.7372,0
platform,4,-4.8,0.002270618,357.9147,292.8217,182.7372,0.125
platform,4,-4.1,0.002270618,2.126081,297.5445,352.8291,0
platform,4,-1.1,0.002270618,2.126081,297.5445,352.8291,0
platform,4,1.9,0.002270618,2.126081,297.5445,352.8291,0.1166687
platform,4,2.5,0.002270618,357.9147,292.8215,2.474797,0
platform,4,-0.4000001,0.002270618,357.9147,292.8215,2.474797,0
platform,4,-3.5,0.002270618,357.9147,292.8215,2.474797,0.1083272
platform,4,0.1999998,-0.02272938,357.9147,112.8217,182.7372,0
platform,4,-2.9,-0.02272938,357.9147,112.8217,182.7372,0
platform,4,3.1,-0.02272938,357.9147,112.8217,182.7372,0.1166687
platform,4,3.8,-0.02272938,2.126094,117.5445,173.0914,0
platform,4,-2.2,-0.02272938,2.126094,117.5445,173.0914,0
platform,4,0.8000002,-0.02272938,2.126094,117.5445,173.0914,0.1166687
platform,4,-1.5,-0.02272938,357.9147,112.8216,2.4748,0
platform,4,4.5,-0.02272938,357.9147,112.8216,2.4748,0
platform,4,1.5,-0.02272938,357.9147,112.8216,2.4748,0.125
platform,4,2.1,-0.02272938,1.695452,115.0601,2.472012,0
platform,4,-0.9000001,-0.02272938,1.695452,115.0601,2.472012,0
platform,4,5.1,-0.02272938,1.695452,115.0601,2.472012,0.125
platform,4,2.7,-0.02272938,357.5484,107.835,352.8292,0
platform,4,5.6,-0.02272938,357.5484,107.835,352.8292,0
platform,4,-0.4000001,-0.02272938,357.5484,107.835,352.8292,0.125
platform,4,0.0999999,-0.02272938,1.695455,110.0602,182.7344,0
platform,4,6.1,-0.02272938,1.695455,110.0602,182.7344,0
platform,4,3.1,-0.02272938,1.695455,110.0602,182.7344,0.125
platform,4,3.5,-0.02272938,357.5484,102.8351,173.0915,0
platform,4,6.5,-0.02272938,357.5484,102.8351,173.0915,0
platform,4,0.5,-0.02272938,357.5484,102.8351,173.0915,0.125
platform,4,3.9,-0.02272938,1.814143,105.0631,359.8189,0
platform,4,0.8000002,-0.02272938,1.814143,105.0631,359.8189,0
platform,4,6.8,-0.02272938,1.814143,105.0631,359.8189,0.125
platform,4,4.1,-0.02272938,357.8122,99.99995,182.6559,0
platform,4,7.1,-0.02272938,357.8122,99.99995,182.6559,0
platform,4,1.1,-0.02272938,357.8122,99.99995,182.6559,0.125
platform,4,1.3,-0.02272938,1.81595,97.49988,352.7416,0
platform,4,7.3,-0.02272938,1.81595,97.49988,352.7416,0
platform,4,4.3,-0.02272938,1.81595,97.49988,352.7416,0.125
platform,4,1.4,-0.02272938,357.8122,95.00001,182.6559,0
platform,4,4.5,-0.02272938,357.8122,95.00001,182.6559,0
platform,4,7.4,-0.02272938,357.8122,95.00001,182.6559,0.125
platform,4,7.5,-0.02272938,1.815939,92.50008,173.0039,0
platform,4,1.5,-0.02272938,1.815939,92.50008,173.0039,0
platform,4,4.5,-0.02272938,1.815939,92.50008,173.0039,0.125
platform,4,7.5,-0.02272938,357.8121,90.00002,2.393561,0
platform,4,1.5,-0.02272938,357.8121,90.00002,2.393561,0.02583313
platform,14,1.29,0.74,90,0,0,0.09916687
platform,4,1.5,-0.02272938,1.815941,90,182.6559,0
platform,4,7.5,-0.02272938,1.815941,90,182.6559,0.06749979
platform,14,1.29,0.74,90,0,0,0.0575002
platform,4,7.5,-0.02272938,356.6252,90.00001,352.7415,0
platform,4,1.5,-0.02272938,356.6252,90.00001,352.7415,0.1091665
platform,14,1.29,0.74,90,0,0,0.01583354
platform,4,7.5,0,0,268.8553,180,0
platform,4,1.5,0,0,268.8553,180,0.125
platform,4,1.5,0.084,358.7499,276.2356,185.6234,0
platform,4,7.5,0.084,358.7499,276.2356,185.6234,0
platform,4,4.5,0.084,358.7499,276.2356,185.6234,0.125
platform,4,7.5,0.168,358.3557,89.01727,354.3756,0
platform,4,4.5,0.168,358.3557,89.01727,354.3756,0
platform,4,1.5,0.168,358.3557,89.01727,354.3756,0.125
platform,4,1.5,0.284,358.6956,276.2303,5.623547,0
platform,4,4.5,0.284,358.6956,276.2303,5.623547,0
platform,4,7.5,0.284,358.6956,276.2303,5.623547,0.125
platform,4,7.5,0.2,1.724297,268.791,177.8641,0
platform,4,4.5,0.2,1.724297,268.791,177.8641,0
platform,4,1.5,0.2,1.724297,268.791,177.8641,0.125
platform,4,4.5,0.105,358.5764,276.4118,177.8644,0
platform,4,1.5,0.105,358.5764,276.4118,177.8644,0
platform,4,7.5,0.105,358.5764,276.4118,177.8644,0.125
platform,4,7.5,0,358.929,88.8154,2.135282,0
platform,4,4.5,0,358.929,88.8154,2.135282,0
platform,4,1.5,0,358.929,88.8154,2.135282,0.125
platform,4,7.5,0,358.8028,276.3588,-9.073325E-07,0
platform,4,4.5,0,358.8028,276.3588,-9.073325E-07,0
platform,4,1.5,0,358.8028,276.3588,-9.073325E-07,0.125
platform,4,7.5,0.153,1.506701,268.9501,183.5988,0
platform,4,4.5,0.153,1.506701,268.9501,183.5988,0
platform,4,1.5,0.153,1.506701,268.9501,183.5988,0.125
platform,4,4.5,0.258,358.4545,276.2616,183.5988,0
platform,4,7.5,0.258,358.4545,276.2616,183.5988,0
platform,4,1.5,0.258,358.4545,276.2616,183.5988,0.125
platform,4,1.5,0.325,0.8614959,88.80117,356.4021,0
platform,4,7.5,0.325,0.8614959,88.80117,356.4021,0
platform,4,4.5,0.325,0.8614959,88.80117,356.4021,0.125
platform,4,1.5,0.229,3.015343,276.123,355.5273,0
platform,4,7.5,0.229,3.015343,276.123,355.5273,0
platform,4,4.5,0.229,3.015343,276.123,355.5273,0.125
platform,4,7.5,0.153,356.8287,269.1033,175.5266,0
platform,4,1.5,0.153,356.8287,269.1033,175.5266,0
platform,4,4.5,0.153,356.8287,269.1033,175.5266,0.125
platform,4,4.5,0,2.626698,276.1534,175.5288,0
platform,4,7.5,0,2.626698,276.1534,175.5288,0
platform,4,1.5,0,2.626698,276.1534,175.5288,0.125
platform,4,4.5,0,4.483975,88.85535,-6.422961E-07,0
platform,4,1.5,0,4.483975,88.85535,-6.422961E-07,0.05666606
platform,14,4.19,0.7,90,0,0,0.06833395
platform,4,4.5,0.105,2.285448,276.4914,3.323895,0
platform,4,1.5,0.105,2.285448,276.4914,3.323895,0.09833273
platform,14,4.19,0.7,90,0,0,0.02666728
platform,4,1.5,0.191,355.1423,268.5728,183.3332,0
platform,4,4.5,0.191,355.1423,268.5728,183.3332,0.125
platform,4,1.5,0.115,3.827349,276.1273,176.5379,0
platform,4,4.5,0.115,3.827349,276.1273,176.5379,0.01499939
platform,14,4.19,0.7,90,0,0,0.1100006
platform,4,7.5,0,358.1267,88.7422,3.456213,0
platform,4,1.5,0,358.1267,88.7422,3.456213,0
platform,4,4.5,0,358.1267,88.7422,3.456213,0.125
platform,4,7.5,0,359.1407,275.2358,7.563732,0
platform,4,4.5,0,359.1407,275.2358,7.563732,0
platform,4,1.5,0,359.1407,275.2358,7.563732,0.125
platform,4,4.5,0.124,1.983174,269.1194,187.5861,0
platform,4,7.5,0.124,1.983174,269.1194,187.5861,0
platform,4,1.5,0.124,1.983174,269.1194,187.5861,0.125
platform,4,4.5,0.229,2.974167,276.755,187.5918,0
platform,4,7.5,0.229,2.974167,276.755,187.5918,0
platform,4,1.5,0.229,2.974167,276.755,187.5918,0.125
platform,4,4.5,0.305,5.275776,88.85532,-1.071757E-06,0
platform,4,7.5,0.305,5.275776,88.85532,-1.071757E-06,0
platform,4,1.5,0.305,5.275776,88.85532,-1.071757E-06,0.125
platform,4,4.5,0.248,1.995349,276.2182,355.9724,0
platform,4,7.5,0.248,1.995349,276.2182,355.9724,0
platform,4,1.5,0.248,1.995349,276.2182,355.9724,0.125
platform,4,1.5,0.21,0.997674,268.7851,175.9743,0
platform,4,4.5,0.21,0.997674,268.7851,175.9743,0
platform,4,7.5,0.21,0.997674,268.7851,175.9743,0.125
platform,4,7.5,0.095,2.690696,276.1692,175.9704,0
platform,4,1.5,0.095,2.690696,276.1692,175.9704,0
platform,4,4.5,0.095,2.690696,276.1692,175.9704,0.125
platform,4,4.5,0,357.9933,88.85533,5.33936E-07,0
platform,4,7.5,0,357.9933,88.85533,5.33936E-07,0.1258342
platform,4,7.5,0,358.831,276.3588,-7.472075E-07,0
platform,4,4.5,0,358.831,276.3588,-7.472075E-07,0.1409098
platform,4,7.4,0,3.374771,90,172.7415,0
platform,4,4.5,0,3.374771,90,172.7415,0.125
platform,4,7.4,0,358.1841,90.00001,2.655933,0
platform,4,4.5,0,358.1841,90.00001,2.655933,0.125
platform,4,7.4,0,2.187871,89.99998,182.3936,0
platform,4,4.5,0,2.187871,89.99998,182.3936,0.125
platform,4,1.4,0,358.1841,87.49993,353.0039,0
platform,4,4.4,0,358.1841,87.49993,353.0039,0
platform,4,7.4,0,358.1841,87.49993,353.0039,0.125
platform,4,7.3,0,2.187834,85,2.655934,0
platform,4,1.3,0,2.187834,85,2.655934,0
platform,4,4.4,0,2.187834,85,2.655934,0.125
platform,4,1.2,0,358.1841,82.50013,172.7416,0
platform,4,7.2,0,358.1841,82.50013,172.7416,0
platform,4,4.2,0,358.1841,82.50013,172.7416,0.125
platform,4,1,0,2.187834,80.00005,2.655936,0
platform,4,4,0,2.187834,80.00005,2.655936,0
platform,4,7,0,2.187834,80.00005,2.655936,0.125
platform,4,3.7,0,358.1859,74.93685,179.8189,0
platform,4,6.7,0,358.1859,74.93685,179.8189,0
platform,4,0.6999998,0,358.1859,74.93685,179.8189,0.125
platform,4,6.4,0,2.451639,77.16492,353.0915,0
platform,4,3.4,0,2.451639,77.16492,353.0915,0
platform,4,0.4000001,0,2.451639,77.16492,353.0915,0.125
platform,4,6,0,358.3045,69.93976,2.734387,0
platform,4,3,0,358.3045,69.93976,2.734387,0
platform,4,0,0,358.3045,69.93976,2.734387,0.125
platform,4,2.5,0,2.451631,72.16505,172.8292,0
platform,4,-0.5,0,2.451631,72.16505,172.8292,0
platform,4,5.5,0,2.451631,72.16505,172.8292,0.125
platform,4,-1,0,358.3045,64.9399,182.472,0
platform,4,2,0,358.3045,64.9399,182.472,0
platform,4,5,0,358.3045,64.9399,182.472,0.125
platform,4,4.4,0,2.085302,67.17844,182.4748,0
platform,4,1.4,0,2.085302,67.17844,182.4748,0
platform,4,-1.6,0,2.085302,67.17844,182.4748,0.1166687
platform,4,-2.3,0,357.8739,62.45546,353.0914,0
platform,4,3.7,0,357.8739,62.45546,353.0914,0.1166687
platform,4,-3,0,2.0853,67.17833,2.737154,0
platform,4,3,0,2.0853,67.17833,2.737154,0.0249176
platform,14,2.99,0.74,90,335,0,0.0834198
platform,4,2.4,-0.025,2.085327,247.1785,182.4748,0
platform,4,-3.6,-0.025,2.085327,247.1785,182.4748,0.06741333
platform,14,2.14,0.74,90,335,0,0.0492452
platform,4,1.7,-0.025,357.8739,242.4555,172.8291,0
platform,4,-4.3,-0.025,357.8739,242.4555,172.8291,0.1024221
platform,14,1.3,0.74,90,335,0,0.02257792
platform,4,1.1,-0.025,2.0853,247.1783,2.737154,0
platform,4,-4.9,-0.025,2.0853,247.1783,2.737154,0
platform,4,-1.9,-0.025,2.0853,247.1783,2.737154,0.1166687
platform,4,0.5,-0.025,358.3045,244.9398,2.734387,0
platform,4,-2.5,-0.025,358.3045,244.9398,2.734387,0
platform,4,-5.5,-0.025,358.3045,244.9398,2.734387,0.125
platform,4,-0.0999999,-0.025,2.451644,252.1649,353.0915,0
platform,4,-6.1,-0.025,2.451644,252.1649,353.0915,0
platform,4,-3,-0.025,2.451644,252.1649,353.0915,0.125
platform,4,-0.5,-0.025,358.3046,249.9398,182.472,0
platform,4,-6.5,-0.025,358.3046,249.9398,182.472,0
platform,4,-3.5,-0.025,358.3046,249.9398,182.472,0.125
platform,4,-6.9,-0.025,2.451639,257.1649,353.0915,0
platform,4,-0.9000001,-0.025,2.451639,257.1649,353.0915,0
platform,4,-3.9,-0.025,2.451639,257.1649,353.0915,0.125
platform,4,-4.2,-0.025,358.1859,254.9369,179.8189,0
platform,4,-1.3,-0.025,358.1859,254.9369,179.8189,0
platform,4,-7.3,-0.025,358.1859,254.9369,179.8189,0.125
platform,4,-4.5,-0.025,2.187834,260.0001,2.655936,0
platform,4,-1.6,-0.025,2.187834,260.0001,2.655936,0
platform,4,-7.6,-0.025,2.187834,260.0001,2.655936,0.125
platform,4,-1.8,-0.025,358.1841,262.5001,172.7415,0
platform,4,-7.8,-0.025,358.1841,262.5001,172.7415,0
platform,4,-4.7,-0.025,358.1841,262.5001,172.7415,0.125
platform,4,-1.9,-0.025,2.187834,265,2.655934,0
platform,4,-4.8,-0.025,2.187834,265,2.655934,0
platform,4,-7.9,-0.025,2.187834,265,2.655934,0.125
platform,4,-7.9,-0.025,358.1841,267.4999,172.7416,0
platform,4,-2,-0.025,358.1841,267.4999,172.7416,0
platform,4,-4.9,-0.025,358.1841,267.4999,172.7416,0.125
platform,4,-2,-0.025,2.187834,270,2.655934,0
platform,4,-8,-0.025,2.187834,270,2.655934,0
platform,4,-4.9,-0.025,2.187834,270,2.655934,0.125
platform,4,-2,-0.025,358.1841,270,182.3936,0
platform,4,-4.9,-0.025,358.1841,270,182.3936,0
platform,4,-8,-0.025,358.1841,270,182.3936,0.125
platform,4,-8,-0.025,3.374774,270,353.0039,0
platform,4,-4.9,-0.025,3.374774,270,353.0039,0
platform,4,-2,-0.025,3.374774,270,353.0039,0.1239217
platform,4,-5,0,0,268.8553,180,0
platform,4,-2,0,0,268.8553,180,0
platform,4,-8,0,0,268.8553,180,0.125
platform,4,-2,0.084,358.7499,276.2356,185.6234,0
platform,4,-5,0.084,358.7499,276.2356,185.6234,0.125
platform,4,-2,0.168,358.3557,89.01727,354.3756,0
platform,4,-5,0.168,358.3557,89.01727,354.3756,0.125
platform,4,-2,0.284,358.6956,276.2303,5.623547,0
platform,4,-5,0.284,358.6956,276.2303,5.623547,0.125
platform,4,-5,0.2,1.724297,268.791,177.8641,0
platform,4,-2,0.2,1.724297,268.791,177.8641,0.125
platform,4,-8,0.105,358.5764,276.4118,177.8644,0
platform,4,-2,0.105,358.5764,276.4118,177.8644,0
platform,4,-5,0.105,358.5764,276.4118,177.8644,0.125
platform,4,-2,0,358.929,88.8154,2.135282,0
platform,4,-5,0,358.929,88.8154,2.135282,0
platform,4,-8,0,358.929,88.8154,2.135282,0.125
platform,4,-2,0,358.8028,276.3588,-9.073325E-07,0
platform,4,-5,0,358.8028,276.3588,-9.073325E-07,0
platform,4,-8,0,358.8028,276.3588,-9.073325E-07,0.125
platform,4,-2,0.153,1.506701,268.9501,183.5988,0
platform,4,-8,0.153,1.506701,268.9501,183.5988,0
platform,4,-5,0.153,1.506701,268.9501,183.5988,0.125
platform,4,-2,0.258,358.4545,276.2616,183.5988,0
platform,4,-8,0.258,358.4545,276.2616,183.5988,0
platform,4,-5,0.258,358.4545,276.2616,183.5988,0.01266479
platform,14,-8.1,0.7,90,0,0,0.1123352
platform,4,-5,0.325,0.8614959,88.80117,356.4021,0
platform,4,-8,0.325,0.8614959,88.80117,356.4021,0
platform,4,-2,0.325,0.8614959,88.80117,356.4021,0.05433146
platform,14,-8.1,0.7,90,0,0,0.07066854
platform,4,-2,0.229,3.015343,276.123,355.5273,0
platform,4,-8,0.229,3.015343,276.123,355.5273,0
platform,4,-5,0.229,3.015343,276.123,355.5273,0.09599813
platform,14,-8.1,0.7,90,0,0,0.02900187
platform,4,-2,0.153,356.8287,269.1033,175.5266,0
platform,4,-5,0.153,356.8287,269.1033,175.5266,0
platform,4,-8,0.153,356.8287,269.1033,175.5266,0.125
platform,4,-2,0,2.626698,276.1534,175.5288,0
platform,4,-5,0,2.626698,276.1534,175.5288,0
platform,4,-8,0,2.626698,276.1534,175.5288,0.125
platform,4,-5,0,4.483975,88.85535,-6.422961E-07,0
platform,4,-8,0,4.483975,88.85535,-6.422961E-07,0
platform,4,-2,0,4.483975,88.85535,-6.422961E-07,0.125
platform,4,-8,0.105,2.285448,276.4914,3.323895,0
platform,4,-5,0.105,2.285448,276.4914,3.323895,0
platform,4,-2,0.105,2.285448,276.4914,3.323895,0.125
platform,4,-5,0.191,355.1423,268.5728,183.3332,0
platform,4,-8,0.191,355.1423,268.5728,183.3332,0
platform,4,-2,0.191,355.1423,268.5728,183.3332,0.125
platform,4,-5,0.115,3.827349,276.1273,176.5379,0.125
platform,4,-5,0,358.1267,88.7422,3.456213,0.125
platform,4,-5,0,359.1407,275.2358,7.563732,0.125
platform,4,-5,0.124,1.983174,269.1194,187.5861,0.125
platform,4,-5,0.229,2.974167,276.755,187.5918,0
platform,4,-2,0.229,2.974167,276.755,187.5918,0.125
platform,4,-2,0.305,5.275776,88.85532,-1.071757E-06,0
platform,4,-8,0.305,5.275776,88.85532,-1.071757E-06,0
platform,4,-5,0.305,5.275776,88.85532,-1.071757E-06,0.125
platform,4,-8,0.248,1.995349,276.2182,355.9724,0
platform,4,-5,0.248,1.995349,276.2182,355.9724,0
platform,4,-2,0.248,1.995349,276.2182,355.9724,0.125
platform,4,-5,0.21,0.997674,268.7851,175.9743,0
platform,4,-2,0.21,0.997674,268.7851,175.9743,0
platform,4,-8,0.21,0.997674,268.7851,175.9743,0.125
platform,4,-2,0.095,2.690696,276.1692,175.9704,0
platform,4,-8,0.095,2.690696,276.1692,175.9704,0
platform,4,-5,0.095,2.690696,276.1692,175.9704,0.125
platform,4,-5,0,357.9933,88.85533,5.33936E-07,0
platform,4,-2,0,357.9933,88.85533,5.33936E-07,0
platform,4,-8,0,357.9933,88.85533,5.33936E-07,0.1258342
platform,4,-5,0,358.831,276.3588,-7.472075E-07,0
platform,4,-8,0,358.831,276.3588,-7.472075E-07,0
platform,4,-2,0,358.831,276.3588,-7.472075E-07,0.1384888
platform,4,-4.86,0.08499999,0.8614959,88.80117,356.4021,0
platform,4,-1.933,0.08499999,0.8614959,88.80117,356.4021,0.125
platform,4,-1.933,-0.01099999,3.015343,276.123,355.5273,0
platform,4,-4.86,-0.01099999,3.015343,276.123,355.5273,0.125
platform,4,-1.933,-0.087,356.8287,269.1033,175.5266,0
platform,4,-4.86,-0.087,356.8287,269.1033,175.5266,0.125
platform,4,-4.86,-0.24,2.626698,276.1534,175.5288,0
platform,4,-1.933,-0.24,2.626698,276.1534,175.5288,0.125
platform,4,-1.933,-0.24,4.483975,88.85535,-6.422961E-07,0
platform,4,-4.86,-0.24,4.483975,88.85535,-6.422961E-07,0.125
platform,4,-1.933,-0.135,2.285448,276.4914,3.323895,0
platform,4,-4.86,-0.135,2.285448,276.4914,3.323895,0.125
platform,4,-4.86,-0.04899999,355.1423,268.5728,183.3332,0
platform,4,-1.933,-0.04899999,355.1423,268.5728,183.3332,0.125
platform,4,-1.933,-0.125,3.827349,276.1273,176.5379,0
platform,4,-4.86,-0.125,3.827349,276.1273,176.5379,0.125
platform,4,-4.86,-0.24,358.1267,88.7422,3.456213,0
platform,4,-1.933,-0.24,358.1267,88.7422,3.456213,0.125
platform,4,-4.86,-0.24,359.1407,275.2358,7.563732,0
platform,4,-1.933,-0.24,359.1407,275.2358,7.563732,0.125
platform,4,-1.933,-0.116,1.983174,269.1194,187.5861,0
platform,4,-4.86,-0.116,1.983174,269.1194,187.5861,0.125
platform,4,-4.86,-0.01099999,2.974167,276.755,187.5918,0
platform,4,-1.933,-0.01099999,2.974167,276.755,187.5918,0.125
platform,4,-4.86,0.06500001,5.275776,88.85532,-1.071757E-06,0
platform,4,-1.933,0.06500001,5.275776,88.85532,-1.071757E-06,0.125
platform,4,-4.86,0.008000001,1.995349,276.2182,355.9724,0
platform,4,-1.933,0.008000001,1.995349,276.2182,355.9724,0.125
platform,4,-1.933,-0.03,0.997674,268.7851,175.9743,0
platform,4,-4.86,-0.03,0.997674,268.7851,175.9743,0.125
platform,4,-4.86,-0.145,2.690696,276.1692,175.9704,0
platform,4,-1.933,-0.145,2.690696,276.1692,175.9704,0.125
platform,4,-1.933,-0.24,357.9933,88.85533,5.33936E-07,0
platform,4,-4.86,-0.24,357.9933,88.85533,5.33936E-07,0.09749349
platform,4,-4.86,-0.356,358.831,268.733,-1.174183E-06,0.004170736
platform,4,-1.933,-0.285,358.831,271.2106,-5.870916E-07,0.06500244
platform,4,-0.4599999,-0.288,332.348,108.175,180.474,0
platform,4,-6.26,-0.288,332.3484,251.8248,180.474,0.04999797
platform,12,-1.91,-0.936,0,0,0,0
platform,12,-4.743,-0.936,0,0,0,0.03333537
platform,4,-6.26,-0.288,332.3484,278.0879,180.474,0
platform,4,-0.4599999,-0.288,332.348,81.91201,180.474,0.06667074
platform,4,-5.78,-0.288,332.3484,308.0879,180.474,0
platform,4,-0.9399999,-0.288,332.348,51.91201,180.474,1.22584
platform,1,-3.36,-0.24,0,0,0,0.8833313
platform,1,-2.36,-0.24,0,0,0,0.8899943
platform,1,-1.36,-0.24,0,0,0,0.8908386
platform,1,-0.36,-0.24,0,0,0,0.8899943
platform,1,-0.04,-0.24,0,0,0,0.7233378
platform,4,1.427,0.325,0.8614959,88.80117,356.4021,0
platform,4,-1.5,0.325,0.8614959,88.80117,356.4021,0.125
platform,4,-1.5,0.229,3.015343,276.123,355.5273,0
platform,4,1.427,0.229,3.015343,276.123,355.5273,0.125
platform,4,-1.5,0.153,356.8287,269.1033,175.5266,0
platform,4,1.427,0.153,356.8287,269.1033,175.5266,0.125
platform,4,-1.5,0,2.626698,276.1534,175.5288,0
platform,4,1.427,0,2.626698,276.1534,175.5288,0.125
platform,4,-1.5,0,4.483975,88.85535,-6.422961E-07,0
platform,4,1.427,0,4.483975,88.85535,-6.422961E-07,0.125
platform,4,-1.5,0.105,2.285448,276.4914,3.323895,0
platform,4,1.427,0.105,2.285448,276.4914,3.323895,0.125
platform,4,1.427,0.191,355.1423,268.5728,183.3332,0
platform,4,-1.5,0.191,355.1423,268.5728,183.3332,0.125
platform,4,1.427,0.115,3.827349,276.1273,176.5379,0
platform,4,-1.5,0.115,3.827349,276.1273,176.5379,0.125
platform,4,-1.5,0,358.1267,88.7422,3.456213,0
platform,4,1.427,0,358.1267,88.7422,3.456213,0.125
platform,4,1.427,0,359.1407,275.2358,7.563732,0
platform,4,-1.5,0,359.1407,275.2358,7.563732,0.125
platform,4,-1.5,0.124,1.983174,269.1194,187.5861,0
platform,4,1.427,0.124,1.983174,269.1194,187.5861,0.125
platform,4,-1.5,0.229,2.974167,276.755,187.5918,0
platform,4,1.427,0.229,2.974167,276.755,187.5918,0.125
platform,4,1.427,0.305,5.275776,88.85532,-1.071757E-06,0
platform,4,-1.5,0.305,5.275776,88.85532,-1.071757E-06,0.125
platform,4,-1.5,0.248,1.995349,276.2182,355.9724,0
platform,4,1.427,0.248,1.995349,276.2182,355.9724,0.125
platform,4,1.427,0.21,0.997674,268.7851,175.9743,0
platform,4,-1.5,0.21,0.997674,268.7851,175.9743,0.125
platform,4,-1.5,0.09499998,2.690696,276.1692,175.9704,0
platform,4,1.427,0.09499998,2.690696,276.1692,175.9704,0.125
platform,4,-1.5,0,357.9933,88.85533,5.33936E-07,0
platform,4,1.427,0,357.9933,88.85533,5.33936E-07,0.09999593
platform,4,-1.5,-0.116,358.831,268.733,-1.174183E-06,0.008341472
platform,4,1.427,-0.045,358.831,271.2106,-5.870916E-07,0.05832927
platform,4,-2.9,-0.04799999,332.3484,251.8248,180.474,0
platform,4,2.9,-0.04799999,332.348,108.175,180.474,0.04999797
platform,12,1.45,-0.696,0,0,0,0
platform,12,-1.383,-0.696,0,0,0,0.03333537
platform,4,2.9,-0.04799999,332.348,81.91201,180.474,0
platform,4,-2.9,-0.04799999,332.3484,278.0879,180.474,0.06667074
platform,4,-2.42,-0.04799999,332.3484,308.0879,180.474,0
platform,4,2.42,-0.04799999,332.348,51.91201,180.474,1.058329
platform,7,-0.78,-0.141,0,0,0,0
platform,7,9.02,-0.141,0,0,0,0.04166667
platform,10,6.72,0,0,90,0,0
platform,10,1.52,0,0,90,0,0.04166667
platform,7,9.02,-0.141,0,0,0,0
platform,7,-0.78,-0.141,0,0,0,0.08333334
platform,7,9.52,-0.141,0,0,0,0
platform,7,-0.28,-0.141,0,0,0,0.04166667
platform,10,2.02,0,0,90,0,0
platform,10,7.22,0,0,90,0,0.04166667
platform,7,9.52,-0.141,0,0,0,0
platform,7,-0.28,-0.141,0,0,0,0.08333334
platform,7,9.02,-0.141,0,0,0,0
platform,7,-0.78,-0.141,0,0,0,0.04166667
platform,10,1.52,0,0,90,0,0
platform,10,6.72,0,0,90,0,0.04166667
platform,7,9.02,-0.141,0,0,0,0
platform,7,-0.78,-0.141,0,0,0,0.08333334
platform,7,9.52,-0.141,0,0,0,0
platform,7,-0.28,-0.141,0,0,0,0.04166667
platform,10,7.22,0,0,90,0,0
platform,10,2.02,0,0,90,0,0.04166667
platform,7,9.52,-0.141,0,0,0,0
platform,7,-0.28,-0.141,0,0,0,0.08333334
platform,7,-0.78,-0.141,0,0,0,0
platform,7,9.02,-0.141,0,0,0,0.04166667
platform,10,6.72,0,0,90,0,0
platform,10,1.52,0,0,90,0,0.04166667
platform,7,9.02,-0.141,0,0,0,0
platform,7,-0.78,-0.141,0,0,0,0.08333334
platform,7,9.52,-0.141,0,0,0,0
platform,7,-0.28,-0.141,0,0,0,0.04166667
platform,10,7.22,0,0,90,0,0
platform,10,2.02,0,0,90,0,0.04166667
platform,7,-0.28,-0.141,0,0,0,0
platform,7,9.52,-0.141,0,0,0,0.08333334
platform,7,9.02,-0.141,0,0,0,0
platform,7,-0.78,-0.141,0,0,0,0.04166667
platform,10,6.72,0,0,90,0,0
platform,10,1.52,0,0,90,0,0.04166667
platform,7,-0.78,-0.141,0,0,0,0
platform,7,9.02,-0.141,0,0,0,0.08333334
platform,7,-0.28,-0.141,0,0,0,0
platform,7,9.52,-0.141,0,0,0,0.04166667
platform,10,7.22,0,0,90,0,0
platform,10,2.02,0,0,90,0,0.04166667
platform,7,-0.28,-0.141,0,0,0,0
platform,7,9.52,-0.141,0,0,0,0.08333334
platform,7,9.02,-0.141,0,0,0,0
platform,7,-0.78,-0.141,0,0,0,0.04166667
platform,10,6.72,0,0,90,0,0
platform,10,1.52,0,0,90,0,0.04166667
platform,7,-0.78,-0.141,0,0,0,0
platform,7,9.02,-0.141,0,0,0,0.08333334
platform,7,9.52,-0.141,0,0,0,0
platform,7,-0.28,-0.141,0,0,0,0.04166667
platform,10,2.02,0,0,90,0,0
platform,10,7.22,0,0,90,0,0.04166667
platform,7,9.52,-0.141,0,0,0,0
platform,7,-0.28,-0.141,0,0,0,0.08333334
platform,7,9.02,-0.141,0,0,0,0
platform,7,-0.78,-0.141,0,0,0,0.04166667
platform,10,6.72,0,0,90,0,0
platform,10,1.52,0,0,90,0,0.04166667
platform,7,9.02,-0.141,0,0,0,0
platform,7,-0.78,-0.141,0,0,0,0.08333334
platform,7,-0.28,-0.141,0,0,0,0
platform,7,9.52,-0.141,0,0,0,0.04166667
platform,10,2.02,0,0,90,0,0
platform,10,7.22,0,0,90,0,0.04166667
platform,7,-0.28,-0.141,0,0,0,0
platform,7,9.52,-0.141,0,0,0,0.08333334
platform,7,9.02,-0.141,0,0,0,0
platform,7,-0.78,-0.141,0,0,0,0.04166667
platform,10,6.72,0,0,90,0,0
platform,10,1.52,0,0,90,0,0.04166667
platform,7,9.02,-0.141,0,0,0,0
platform,7,-0.78,-0.141,0,0,0,0.08333334
platform,7,-0.28,-0.141,0,0,0,0
platform,7,9.52,-0.141,0,0,0,0.04166667
platform,10,7.22,0,0,90,0,0
platform,10,2.02,0,0,90,0,0.04166667
platform,7,9.52,-0.141,0,0,0,0
platform,7,-0.28,-0.141,0,0,0,0.08333334
platform,7,9.02,-0.141,0,0,0,0
platform,7,-0.78,-0.141,0,0,0,0.04166667
platform,10,6.72,0,0,90,0,0
platform,10,1.52,0,0,90,0,0.04166667
platform,7,-0.78,-0.141,0,0,0,0
platform,7,9.02,-0.141,0,0,0,0.08333334
platform,7,-0.28,-0.141,0,0,0,0
platform,7,9.52,-0.141,0,0,0,0.04166667
platform,10,7.22,0,0,90,0,0
platform,10,2.02,0,0,90,0,0.04166667
platform,7,-0.28,-0.141,0,0,0,0
platform,7,9.52,-0.141,0,0,0,0.08333334
platform,7,9.02,-0.141,0,0,0,0
platform,7,-0.78,-0.141,0,0,0,0.04166667
platform,10,1.52,0,0,90,0,0
platform,10,6.72,0,0,90,0,0.04166667
platform,7,9.02,-0.141,0,0,0,0
platform,7,-0.78,-0.141,0,0,0,0.08333334
platform,7,-0.28,-0.141,0,0,0,0
platform,7,9.52,-0.141,0,0,0,0.04166667
platform,10,2.02,0,0,90,0,0
platform,10,7.22,0,0,90,0,0.04166667
platform,7,9.52,-0.141,0,0,0,0
platform,7,-0.28,-0.141,0,0,0,0.08333334
platform,7,-0.78,-0.141,0,0,0,0
platform,7,9.02,-0.141,0,0,0,0.04166667
platform,10,6.72,0,0,90,0,0
platform,10,1.52,0,0,90,0,0.04166667
platform,7,9.02,-0.141,0,0,0,0
platform,7,-0.78,-0.141,0,0,0,0.08333334
platform,7,-0.28,-0.141,0,0,0,0
platform,7,9.52,-0.141,0,0,0,0.04166667
platform,10,2.02,0,0,90,0,0
platform,10,7.22,0,0,90,0,0.04166667
platform,7,-0.28,-0.141,0,0,0,0
platform,7,9.52,-0.141,0,0,0,0.08333334
platform,7,9.02,-0.141,0,0,0,0
platform,7,-0.78,-0.141,0,0,0,0.04166667
platform,10,6.72,0,0,90,0,0
platform,10,1.52,0,0,90,0,0.04166667
platform,7,9.02,-0.141,0,0,0,0
platform,7,-0.78,-0.141,0,0,0,0.08333334
platform,7,-0.28,-0.141,0,0,0,0
platform,7,9.52,-0.141,0,0,0,0.04166667
platform,10,7.22,0,0,90,0,0
platform,10,2.02,0,0,90,0,0.174998
platform,4,4.5,-0.02272938,1.815939,92.50008,173.0039,0
platform,4,1.5,-0.02272938,1.815939,92.50008,173.0039,0
platform,4,7.5,-0.02272938,1.815939,92.50008,173.0039,0.125
platform,4,1.5,-0.02272938,357.8121,90.00002,2.393561,0
platform,4,7.5,-0.02272938,357.8121,90.00002,2.393561,0
platform,4,4.5,-0.02272938,357.8121,90.00002,2.393561,0.125
platform,4,1.5,-0.02272938,1.815941,90,182.6559,0
platform,4,4.5,-0.02272938,1.815941,90,182.6559,0
platform,4,7.5,-0.02272938,1.815941,90,182.6559,0.125
platform,4,4.5,-0.02272938,356.6252,90.00001,352.7415,0
platform,4,1.5,-0.02272938,356.6252,90.00001,352.7415,0
platform,4,7.5,-0.02272938,356.6252,90.00001,352.7415,0.125
platform,4,1.5,0,0,268.8553,180,0
platform,4,4.5,0,0,268.8553,180,0
platform,4,7.5,0,0,268.8553,180,0.125
platform,4,1.5,0.08400001,358.7499,276.2356,185.6234,0
platform,4,7.5,0.08400001,358.7499,276.2356,185.6234,0
platform,4,4.5,0.08400001,358.7499,276.2356,185.6234,0.125
platform,4,7.5,0.168,358.3557,89.01727,354.3756,0
platform,4,4.5,0.168,358.3557,89.01727,354.3756,0
platform,4,1.5,0.168,358.3557,89.01727,354.3756,0.125
platform,4,7.5,0.284,358.6956,276.2303,5.623547,0
platform,4,1.5,0.284,358.6956,276.2303,5.623547,0
platform,4,4.5,0.284,358.6956,276.2303,5.623547,0.125
platform,4,4.5,0.2,1.724297,268.791,177.8641,0
platform,4,7.5,0.2,1.724297,268.791,177.8641,0
platform,4,1.5,0.2,1.724297,268.791,177.8641,0.125
platform,4,7.5,0.105,358.5764,276.4118,177.8644,0
platform,4,4.5,0.105,358.5764,276.4118,177.8644,0
platform,4,1.5,0.105,358.5764,276.4118,177.8644,0.125
platform,4,7.5,0,358.929,88.8154,2.135282,0
platform,4,4.5,0,358.929,88.8154,2.135282,0
platform,4,1.5,0,358.929,88.8154,2.135282,0.125
platform,4,4.5,0,358.8028,276.3588,-9.073325E-07,0
platform,4,7.5,0,358.8028,276.3588,-9.073325E-07,0
platform,4,1.5,0,358.8028,276.3588,-9.073325E-07,0.125
platform,4,1.5,0.153,1.506701,268.9501,183.5988,0
platform,4,7.5,0.153,1.506701,268.9501,183.5988,0
platform,4,4.5,0.153,1.506701,268.9501,183.5988,0.125
platform,4,7.5,0.258,358.4545,276.2616,183.5988,0
platform,4,4.5,0.258,358.4545,276.2616,183.5988,0
platform,4,1.5,0.258,358.4545,276.2616,183.5988,0.125
platform,4,4.5,0.325,0.8614959,88.80117,356.4021,0
platform,4,7.5,0.325,0.8614959,88.80117,356.4021,0
platform,4,1.5,0.325,0.8614959,88.80117,356.4021,0.125
platform,4,4.5,0.229,3.015343,276.123,355.5273,0
platform,4,7.5,0.229,3.015343,276.123,355.5273,0
platform,4,1.5,0.229,3.015343,276.123,355.5273,0.125
platform,4,4.5,0.153,356.8287,269.1033,175.5266,0
platform,4,1.5,0.153,356.8287,269.1033,175.5266,0
platform,4,7.5,0.153,356.8287,269.1033,175.5266,0.125
platform,4,4.5,0,2.626698,276.1534,175.5288,0
platform,4,1.5,0,2.626698,276.1534,175.5288,0
platform,4,7.5,0,2.626698,276.1534,175.5288,0.125
platform,4,1.5,0,4.483975,88.85535,-6.422961E-07,0
platform,4,4.5,0,4.483975,88.85535,-6.422961E-07,0.125
platform,4,4.5,0.105,2.285448,276.4914,3.323895,0
platform,4,1.5,0.105,2.285448,276.4914,3.323895,0.125
platform,4,4.5,0.191,355.1423,268.5728,183.3332,0
platform,4,1.5,0.191,355.1423,268.5728,183.3332,0.125
platform,4,1.5,0.115,3.827349,276.1273,176.5379,0
platform,4,4.5,0.115,3.827349,276.1273,176.5379,0.125
platform,4,4.5,0,358.1267,88.7422,3.456213,0
platform,4,1.5,0,358.1267,88.7422,3.456213,0
platform,4,7.5,0,358.1267,88.7422,3.456213,0.125
platform,4,4.5,0,359.1407,275.2358,7.563732,0
platform,4,7.5,0,359.1407,275.2358,7.563732,0
platform,4,1.5,0,359.1407,275.2358,7.563732,0.125
platform,4,7.5,0.124,1.983174,269.1194,187.5861,0
platform,4,4.5,0.124,1.983174,269.1194,187.5861,0
platform,4,1.5,0.124,1.983174,269.1194,187.5861,0.125
platform,4,1.5,0.229,2.974167,276.755,187.5918,0
platform,4,4.5,0.229,2.974167,276.755,187.5918,0
platform,4,7.5,0.229,2.974167,276.755,187.5918,0.125
platform,4,1.5,0.305,5.275776,88.85532,-1.071757E-06,0
platform,4,7.5,0.305,5.275776,88.85532,-1.071757E-06,0
platform,4,4.5,0.305,5.275776,88.85532,-1.071757E-06,0.125
platform,4,7.5,0.248,1.995349,276.2182,355.9724,0
platform,4,4.5,0.248,1.995349,276.2182,355.9724,0
platform,4,1.5,0.248,1.995349,276.2182,355.9724,0.1224976
platform,14,7.44,0.7,90,0,0,0.002502441
platform,4,1.5,0.21,0.997674,268.7851,175.9743,0
platform,4,7.5,0.21,0.997674,268.7851,175.9743,0
platform,4,4.5,0.21,0.997674,268.7851,175.9743,0.125
platform,4,7.5,0.09499998,2.690696,276.1692,175.9704,0
platform,4,1.5,0.09499998,2.690696,276.1692,175.9704,0
platform,4,4.5,0.09499998,2.690696,276.1692,175.9704,0.03916423
platform,14,7.44,0.7,90,0,0,0.08583578
platform,4,7.5,0,357.9933,88.85533,5.33936E-07,0
platform,4,4.5,0,357.9933,88.85533,5.33936E-07,0.08083089
platform,14,7.44,0.7,90,0,0,0.04416911
platform,4,4.5,0,358.831,276.3588,-7.472075E-07,0
platform,4,7.5,0,358.831,276.3588,-7.472075E-07,0.1416728
platform,4,4.5,0,3.374771,90,172.7415,0
platform,4,7.4,0,3.374771,90,172.7415,0.125
platform,4,4.5,0,358.1841,90.00001,2.655933,0
platform,4,7.4,0,358.1841,90.00001,2.655933,0.125
platform,4,4.5,0,2.187871,89.99998,182.3936,0
platform,4,7.4,0,2.187871,89.99998,182.3936,0.125
platform,4,7.4,0,358.1841,87.49993,353.0039,0
platform,4,1.4,0,358.1841,87.49993,353.0039,0
platform,4,4.4,0,358.1841,87.49993,353.0039,0.125
platform,4,7.3,0,2.187834,85,2.655934,0
platform,4,1.3,0,2.187834,85,2.655934,0
platform,4,4.4,0,2.187834,85,2.655934,0.125
platform,4,1.2,0,358.1841,82.50013,172.7416,0
platform,4,4.2,0,358.1841,82.50013,172.7416,0
platform,4,7.2,0,358.1841,82.50013,172.7416,0.125
platform,4,4,0,2.187834,80.00005,2.655936,0
platform,4,1,0,2.187834,80.00005,2.655936,0.125
platform,4,3.7,0,358.1859,74.93685,179.8189,0
platform,4,0.6999998,0,358.1859,74.93685,179.8189,0.125
platform,4,0.4000001,0,2.451639,77.16492,353.0915,0
platform,4,3.4,0,2.451639,77.16492,353.0915,0.125
platform,4,6,0,358.3045,69.93976,2.734387,0
platform,4,0,0,358.3045,69.93976,2.734387,0
platform,4,3,0,358.3045,69.93976,2.734387,0.125
platform,4,2.5,0,2.451631,72.16505,172.8292,0
platform,4,5.5,0,2.451631,72.16505,172.8292,0
platform,4,-0.4999999,0,2.451631,72.16505,172.8292,0.125
platform,4,-1,0,358.3045,64.9399,182.472,0
platform,4,5,0,358.3045,64.9399,182.472,0
platform,4,2,0,358.3045,64.9399,182.472,0.125
platform,4,4.4,0,2.085302,67.17844,182.4748,0
platform,4,1.4,0,2.085302,67.17844,182.4748,0
platform,4,-1.6,0,2.085302,67.17844,182.4748,0.06499227
platform,14,-1.99,0.74,90,335,0,0.05166626
platform,4,-2.3,0,357.8739,62.45546,353.0914,0
platform,4,3.7,0,357.8739,62.45546,353.0914,0.09833781
platform,14,-2.84,0.74,90,335,0,0.01833089
platform,4,-3,0,2.0853,67.17833,2.737154,0
platform,4,3,0,2.0853,67.17833,2.737154,0.1083374
platform,4,-3.6,-0.02500001,2.085327,247.1785,182.4748,0
platform,4,2.4,-0.02500001,2.085327,247.1785,182.4748,0.02333578
platform,14,-3.68,0.74,90,335,0,0.09333292
platform,4,1.7,-0.02500001,357.8739,242.4555,172.8291,0
platform,4,-4.3,-0.02500001,357.8739,242.4555,172.8291,0.125
platform,4,1.1,-0.02500001,2.0853,247.1783,2.737154,0
platform,4,-1.9,-0.02500001,2.0853,247.1783,2.737154,0
platform,4,-4.9,-0.02500001,2.0853,247.1783,2.737154,0.1166585
platform,4,-5.5,-0.02500001,358.3045,244.9398,2.734387,0
platform,4,0.5,-0.02500001,358.3045,244.9398,2.734387,0
platform,4,-2.5,-0.02500001,358.3045,244.9398,2.734387,0.125
platform,4,-3,-0.02500001,2.451644,252.1649,353.0915,0
platform,4,-6.1,-0.02500001,2.451644,252.1649,353.0915,0
platform,4,-0.0999999,-0.02500001,2.451644,252.1649,353.0915,0.125
platform,4,-3.5,-0.02500001,358.3046,249.9398,182.472,0
platform,4,-6.5,-0.02500001,358.3046,249.9398,182.472,0
platform,4,-0.4999999,-0.02500001,358.3046,249.9398,182.472,0.125
platform,4,-0.9,-0.02500001,2.451639,257.1649,353.0915,0
platform,4,-6.9,-0.02500001,2.451639,257.1649,353.0915,0
platform,4,-3.9,-0.02500001,2.451639,257.1649,353.0915,0.125
platform,4,-4.2,-0.02500001,358.1859,254.9369,179.8189,0
platform,4,-7.300001,-0.02500001,358.1859,254.9369,179.8189,0
platform,4,-1.3,-0.02500001,358.1859,254.9369,179.8189,0.125
platform,4,-7.600001,-0.02500001,2.187834,260.0001,2.655936,0
platform,4,-1.6,-0.02500001,2.187834,260.0001,2.655936,0
platform,4,-4.5,-0.02500001,2.187834,260.0001,2.655936,0.125
platform,4,-4.7,-0.02500001,358.1841,262.5001,172.7415,0
platform,4,-1.8,-0.02500001,358.1841,262.5001,172.7415,0
platform,4,-7.800001,-0.02500001,358.1841,262.5001,172.7415,0.125
platform,4,-7.9,-0.02500001,2.187834,265,2.655934,0
platform,4,-1.9,-0.02500001,2.187834,265,2.655934,0
platform,4,-4.8,-0.02500001,2.187834,265,2.655934,0.125
platform,4,-4.9,-0.02500001,358.1841,267.4999,172.7416,0
platform,4,-7.9,-0.02500001,358.1841,267.4999,172.7416,0
platform,4,-2,-0.02500001,358.1841,267.4999,172.7416,0.125
platform,4,-8,-0.02500001,2.187834,270,2.655934,0
platform,4,-2,-0.02500001,2.187834,270,2.655934,0
platform,4,-4.9,-0.02500001,2.187834,270,2.655934,0.125
platform,4,-4.9,-0.02500001,358.1841,270,182.3936,0
platform,4,-8,-0.02500001,358.1841,270,182.3936,0.125
platform,4,-4.9,-0.02500001,3.374774,270,353.0039,0
platform,4,-8,-0.02500001,3.374774,270,353.0039,0.125
platform,4,-5,0,0,268.8553,180,0
platform,4,-8,0,0,268.8553,180,0.125
platform,4,-5,0.08400001,358.7499,276.2356,185.6234,0
platform,4,-2,0.08400001,358.7499,276.2356,185.6234,0.125
platform,4,-5,0.168,358.3557,89.01727,354.3756,0
platform,4,-2,0.168,358.3557,89.01727,354.3756,0.125
platform,4,-5,0.284,358.6956,276.2303,5.623547,0
platform,4,-2,0.284,358.6956,276.2303,5.623547,0.125
platform,4,-2,0.2,1.724297,268.791,177.8641,0
platform,4,-5,0.2,1.724297,268.791,177.8641,0.125
platform,4,-8,0.105,358.5764,276.4118,177.8644,0
platform,4,-2,0.105,358.5764,276.4118,177.8644,0
platform,4,-5,0.105,358.5764,276.4118,177.8644,0.125
platform,4,-5,0,358.929,88.8154,2.135282,0
platform,4,-8,0,358.929,88.8154,2.135282,0
platform,4,-2,0,358.929,88.8154,2.135282,0.125
platform,4,-8,0,358.8028,276.3588,-9.073325E-07,0
platform,4,-5,0,358.8028,276.3588,-9.073325E-07,0
platform,4,-2,0,358.8028,276.3588,-9.073325E-07,0.125
platform,4,-8,0.153,1.506701,268.9501,183.5988,0
platform,4,-5,0.153,1.506701,268.9501,183.5988,0
platform,4,-2,0.153,1.506701,268.9501,183.5988,0.125
platform,4,-2,0.258,358.4545,276.2616,183.5988,0
platform,4,-5,0.258,358.4545,276.2616,183.5988,0
platform,4,-8,0.258,358.4545,276.2616,183.5988,0.008341472
platform,14,-8.1,0.7,90,0,0,0.1166585
platform,4,-8,0.325,0.8614959,88.80117,356.4021,0
platform,4,-5,0.325,0.8614959,88.80117,356.4021,0.05000814
platform,14,-8.1,0.7,90,0,0,0.07499186
platform,4,-5,0.229,3.015343,276.123,355.5273,0
platform,4,-8,0.229,3.015343,276.123,355.5273,0.0916748
platform,14,-8.1,0.7,90,0,0,0.0333252
platform,4,-5,0.153,356.8287,269.1033,175.5266,0
platform,4,-2,0.153,356.8287,269.1033,175.5266,0
platform,4,-8,0.153,356.8287,269.1033,175.5266,0.125
platform,4,-5,0,2.626698,276.1534,175.5288,0
platform,4,-2,0,2.626698,276.1534,175.5288,0
platform,4,-8,0,2.626698,276.1534,175.5288,0.125
platform,4,-8,0,4.483975,88.85535,-6.422961E-07,0
platform,4,-2,0,4.483975,88.85535,-6.422961E-07,0
platform,4,-5,0,4.483975,88.85535,-6.422961E-07,0.125
platform,4,-5,0.105,2.285448,276.4914,3.323895,0
platform,4,-2,0.105,2.285448,276.4914,3.323895,0
platform,4,-8,0.105,2.285448,276.4914,3.323895,0.125
platform,4,-5,0.191,355.1423,268.5728,183.3332,0
platform,4,-8,0.191,355.1423,268.5728,183.3332,0
platform,4,-2,0.191,355.1423,268.5728,183.3332,0.125
platform,4,-5,0.115,3.827349,276.1273,176.5379,0.125
platform,4,-5,0,358.1267,88.7422,3.456213,0.125
platform,4,-5,0,359.1407,275.2358,7.563732,0.125
platform,4,-5,0.124,1.983174,269.1194,187.5861,0.125
platform,4,-2,0.229,2.974167,276.755,187.5918,0
platform,4,-5,0.229,2.974167,276.755,187.5918,0.125
platform,4,-5,0.305,5.275776,88.85532,-1.071757E-06,0
platform,4,-2,0.305,5.275776,88.85532,-1.071757E-06,0
platform,4,-8,0.305,5.275776,88.85532,-1.071757E-06,0.125
platform,4,-5,0.248,1.995349,276.2182,355.9724,0
platform,4,-2,0.248,1.995349,276.2182,355.9724,0
platform,4,-8,0.248,1.995349,276.2182,355.9724,0.125
platform,4,-5,0.21,0.997674,268.7851,175.9743,0
platform,4,-2,0.21,0.997674,268.7851,175.9743,0
platform,4,-8,0.21,0.997674,268.7851,175.9743,0.125
platform,4,-5,0.09499998,2.690696,276.1692,175.9704,0
platform,4,-2,0.09499998,2.690696,276.1692,175.9704,0
platform,4,-8,0.09499998,2.690696,276.1692,175.9704,0.125
platform,4,-2,0,357.9933,88.85533,5.33936E-07,0
platform,4,-8,0,357.9933,88.85533,5.33936E-07,0
platform,4,-5,0,357.9933,88.85533,5.33936E-07,0.125
platform,4,-2,0,358.831,276.3588,-7.472075E-07,0
platform,4,-8,0,358.831,276.3588,-7.472075E-07,0
platform,4,-5,0,358.831,276.3588,-7.472075E-07,0.125
platform,4,-4.84,0.002270624,356.6252,270,173.0039,0.125
platform,4,-4.84,0.002270624,1.815896,270,2.393584,0.125
platform,4,-4.84,0.002270624,357.8122,270,182.6559,0.125
platform,4,-4.789999,0.002270624,1.815931,272.5001,352.7415,0.125
platform,4,-4.72,0.002270624,357.8122,275,182.6559,0.125
platform,4,-4.59,0.002270624,1.815919,277.4999,352.7415,0.125
platform,4,-4.39,0.002270624,357.8122,279.9999,182.6559,0.125
platform,4,-4.11,0.002270624,1.814141,285.0631,359.8189,0.125
platform,4,-3.77,0.002270624,357.5484,282.8351,173.0915,0.125
platform,4,-3.38,0.002270624,1.695436,290.0602,2.472043,0.125
platform,4,-2.91,0.002270624,357.5484,287.835,173.0915,0.125
platform,4,-2.37,0.002270624,1.695457,295.0602,182.7344,0.1166789
platform,4,-1.76,0.002270624,357.9147,292.8217,182.7372,0.125
platform,4,-1.09,0.002270624,2.126081,297.5445,352.8291,0.1166585
platform,4,-0.4399999,0.002270624,357.9147,292.8215,2.474797,0.1083171
platform,4,0.1900001,-0.02272938,357.9147,112.8217,182.7372,0.1166789
platform,4,0.8400002,-0.02272938,2.126094,117.5445,173.0914,0
platform,4,-0.9999999,-0.02500001,357.8739,242.4555,172.8291,0.1166789
platform,4,1.52,-0.02272938,357.9147,112.8216,2.4748,0.008321126
platform,4,-1.67,-0.02500001,2.0853,247.1783,2.737154,0.1166789
platform,4,-2.28,-0.02500001,358.3045,244.9398,2.734387,0
platform,4,2.12,-0.02272938,1.695452,115.0601,2.472012,0.125
platform,4,2.66,-0.02272938,357.5484,107.835,352.8292,0
platform,4,-2.82,-0.02500001,2.451644,252.1649,353.0915,0.125
platform,4,-3.29,-0.02500001,358.3046,249.9398,182.472,0
platform,4,3.13,-0.02272938,1.695455,110.0602,182.7344,0.125
platform,4,-3.68,-0.02500001,2.451639,257.1649,353.0915,0
platform,4,3.52,-0.02272938,357.5484,102.8351,173.0915,0.125
platform,4,-4.02,-0.02500001,358.1859,254.9369,179.8189,0
platform,4,3.86,-0.02272938,1.814143,105.0631,359.8189,0.125
platform,4,-4.3,-0.02500001,2.187834,260.0001,2.655936,0
platform,4,4.14,-0.02272938,357.8122,99.99995,182.6559,0.125
platform,4,-4.5,-0.02500001,358.1841,262.5001,172.7415,0
platform,4,4.34,-0.02272938,1.81595,97.49988,352.7416,0.125
platform,4,-4.63,-0.02500001,2.187834,265,2.655934,0
platform,4,4.48,-0.02272938,357.8122,95.00001,182.6559,0.125
platform,4,-4.7,-0.02500001,358.1841,267.4999,172.7416,0
platform,4,4.54,-0.02272938,1.815939,92.50008,173.0039,0.125
platform,4,-4.75,-0.02500001,2.187834,270,2.655934,0
platform,4,4.59,-0.02272938,357.8121,90.00002,2.393561,0.125
platform,4,-4.75,-0.02500001,358.1841,270,182.3936,0
platform,4,4.59,-0.02272938,1.815941,90,182.6559,0.008321126
platform,14,-4.81,0.74,90,0,0,0.1166789
platform,4,4.59,-0.02272938,356.6252,90.00001,352.7415,0
platform,4,-4.75,-0.02500001,3.374774,270,353.0039,0.04998779
platform,14,-4.81,0.74,90,0,0,0.08333334
platform,4,4.68,0,3.374771,90,172.7415,0
platform,4,-4.84,0.002270624,356.6252,270,173.0039,0.08333334
platform,14,-4.81,0.74,90,0,0,0.04166667
platform,4,-4.84,0.002270624,1.815896,270,2.393584,0
platform,4,4.68,0,358.1841,90.00001,2.655933,0.125
platform,4,4.68,0,2.187871,89.99998,182.3936,0
platform,14,-4.81,0.74,90,0,0,0
platform,4,-4.84,0.002270624,357.8122,270,182.6559,0.125
platform,4,-4.789999,0.002270624,1.815931,272.5001,352.7415,0
platform,4,4.63,0,358.1841,87.49993,353.0039,0.02500407
platform,15,-4.83,0.755,90,0,0,0.09999593
platform,4,4.57,0,2.187834,85,2.655934,0
platform,4,-4.72,0.002270624,357.8122,275,182.6559,0.125
platform,4,4.43,0,358.1841,82.50013,172.7416,0
platform,4,-4.59,0.002270624,1.815919,277.4999,352.7415,0.125
platform,4,4.23,0,2.187834,80.00005,2.655936,0
platform,4,-4.39,0.002270624,357.8122,279.9999,182.6559,0.125
platform,4,-4.11,0.002270624,1.814141,285.0631,359.8189,0
platform,4,3.95,0,358.1859,74.93685,179.8189,0.125
platform,4,-3.77,0.002270624,357.5484,282.8351,173.0915,0
platform,4,3.61,0,2.451639,77.16492,353.0915,0.125
platform,4,3.22,0,358.3045,69.93976,2.734387,0
platform,4,-3.38,0.002270624,1.695436,290.0602,2.472043,0.125
platform,4,-2.91,0.002270624,357.5484,287.835,173.0915,0
platform,4,2.75,0,2.451631,72.16505,172.8292,0.125
platform,4,-2.37,0.002270624,1.695457,295.0602,182.7344,0
platform,4,2.21,0,358.3045,64.9399,182.472,0.1166789
platform,4,-1.76,0.002270624,357.9147,292.8217,182.7372,0.008321126
platform,4,1.61,0,2.085302,67.17844,182.4748,0.1166789
platform,4,-1.09,0.002270624,2.126081,297.5445,352.8291,0
platform,4,0.93,0,357.8739,62.45546,353.0914,0.1166585
platform,4,-0.4399999,0.002270624,357.9147,292.8215,2.474797,0
platform,4,0.28,0,2.0853,67.17833,2.737154,0.1083171
platform,4,0.1900001,-0.02272938,357.9147,112.8217,182.7372,0
platform,4,-0.35,-0.02500001,2.085327,247.1785,182.4748,0.1166789
platform,4,-0.9999999,-0.02500001,357.8739,242.4555,172.8291,0
platform,4,0.8400002,-0.02272938,2.126094,117.5445,173.0914,0.1166789
platform,4,1.52,-0.02272938,357.9147,112.8216,2.4748,0.008321126
platform,4,-1.67,-0.02500001,2.0853,247.1783,2.737154,0.1166789
platform,4,2.12,-0.02272938,1.695452,115.0601,2.472012,0
platform,4,-2.28,-0.02500001,358.3045,244.9398,2.734387,0.125
platform,4,2.66,-0.02272938,357.5484,107.835,352.8292,0
platform,4,-2.82,-0.02500001,2.451644,252.1649,353.0915,0.125
platform,4,3.13,-0.02272938,1.695455,110.0602,182.7344,0
platform,4,-3.29,-0.02500001,358.3046,249.9398,182.472,0.125
platform,4,-3.68,-0.02500001,2.451639,257.1649,353.0915,0
platform,4,3.52,-0.02272938,357.5484,102.8351,173.0915,0.125
platform,4,-4.02,-0.02500001,358.1859,254.9369,179.8189,0
platform,4,3.86,-0.02272938,1.814143,105.0631,359.8189,0.125
platform,4,-4.3,-0.02500001,2.187834,260.0001,2.655936,0
platform,4,4.14,-0.02272938,357.8122,99.99995,182.6559,0.125
platform,4,4.34,-0.02272938,1.81595,97.49988,352.7416,0
platform,4,-4.5,-0.02500001,358.1841,262.5001,172.7415,0.125
platform,4,-4.63,-0.02500001,2.187834,265,2.655934,0
platform,4,4.48,-0.02272938,357.8122,95.00001,182.6559,0.09165446
platform,14,-4.54,0.74,90,0,0,0.03334554
platform,4,4.54,-0.02272938,1.815939,92.50008,173.0039,0
platform,4,-4.7,-0.02500001,358.1841,267.4999,172.7416,0.125
platform,4,4.59,-0.02272938,357.8121,90.00002,2.393561,0
platform,4,-4.72,-0.02272938,357.8121,90.00002,2.393561,0.008321126
platform,14,-4.54,0.74,90,0,0,0.1166789
platform,4,4.59,-0.02272938,1.815941,90,182.6559,0
platform,4,-4.72,-0.02272938,1.815941,90,182.6559,0.04998779
platform,14,-4.54,0.74,90,0,0,0.07501221
platform,4,4.59,-0.02272938,356.6252,90.00001,352.7415,0
platform,4,-4.72,-0.02272938,356.6252,90.00001,352.7415,0.08831787
platform,4,5.9,-0.04799999,332.348,108.175,180.474,0
platform,4,-5.9,-0.04799999,332.3484,251.8248,180.474,0.05000814
platform,12,4.45,-0.696,0,0,0,0
platform,12,-4.38,-0.696,0,0,0,0.0333252
platform,4,-5.9,-0.04799999,332.3484,278.0879,180.474,0
platform,4,5.9,-0.04799999,332.348,81.91201,180.474,0.06667074
platform,4,-5.42,-0.04799999,332.3484,308.0879,180.474,0
platform,4,5.42,-0.04799999,332.348,51.91201,180.474,1.08667
platform,4,-1.85,0.08499999,0.8614959,88.80117,356.4021,0
platform,4,1.08,0.08499999,0.8614959,88.80117,356.4021,0.125
platform,4,1.08,-0.01099999,3.015343,276.123,355.5273,0
platform,4,-1.85,-0.01099999,3.015343,276.123,355.5273,0.125
platform,4,-1.85,-0.087,356.8287,269.1033,175.5266,0
platform,4,1.08,-0.087,356.8287,269.1033,175.5266,0.125
platform,4,-1.85,-0.24,2.626698,276.1534,175.5288,0
platform,4,1.08,-0.24,2.626698,276.1534,175.5288,0.125
platform,4,1.08,-0.24,4.483975,88.85535,-6.422961E-07,0
platform,4,-1.85,-0.24,4.483975,88.85535,-6.422961E-07,0.125
platform,4,1.08,-0.135,2.285448,276.4914,3.323895,0
platform,4,-1.85,-0.135,2.285448,276.4914,3.323895,0.125
platform,4,-1.85,-0.04899999,355.1423,268.5728,183.3332,0
platform,4,1.08,-0.04899999,355.1423,268.5728,183.3332,0.125
platform,4,-1.85,-0.125,3.827349,276.1273,176.5379,0
platform,4,1.08,-0.125,3.827349,276.1273,176.5379,0.125
platform,4,-1.85,-0.24,358.1267,88.7422,3.456213,0
platform,4,1.08,-0.24,358.1267,88.7422,3.456213,0.125
platform,4,-1.85,-0.24,359.1407,275.2358,7.563732,0
platform,4,1.08,-0.24,359.1407,275.2358,7.563732,0.125
platform,4,1.08,-0.116,1.983174,269.1194,187.5861,0
platform,4,-1.85,-0.116,1.983174,269.1194,187.5861,0.125
platform,4,-1.85,-0.01099999,2.974167,276.755,187.5918,0
platform,4,1.08,-0.01099999,2.974167,276.755,187.5918,0.125
platform,4,-1.85,0.06500001,5.275776,88.85532,-1.071757E-06,0
platform,4,1.08,0.06500001,5.275776,88.85532,-1.071757E-06,0.125
platform,4,-1.85,0.008000001,1.995349,276.2182,355.9724,0
platform,4,1.08,0.008000001,1.995349,276.2182,355.9724,0.125
platform,4,-1.85,-0.03,0.997674,268.7851,175.9743,0
platform,4,1.08,-0.03,0.997674,268.7851,175.9743,0.125
platform,4,1.08,-0.145,2.690696,276.1692,175.9704,0
platform,4,-1.85,-0.145,2.690696,276.1692,175.9704,0.125
platform,4,-1.85,-0.24,357.9933,88.85533,5.33936E-07,0
platform,4,1.08,-0.24,357.9933,88.85533,5.33936E-07,0.09166463
platform,4,-1.85,-0.356,358.831,268.733,-1.174183E-06,0.008331299
platform,4,1.08,-0.285,358.831,271.2106,-5.870916E-07,0.06667074
platform,4,-3.25,-0.288,332.3484,251.8248,180.474,0
platform,4,2.55,-0.288,332.348,108.175,180.474,0.04999797
platform,12,-1.73,-0.936,0,0,0,0
platform,12,1.1,-0.936,0,0,0,0.03333537
platform,4,2.55,-0.288,332.348,81.91201,180.474,0
platform,4,-3.25,-0.288,332.3484,278.0879,180.474,0.06667074
platform,4,-2.77,-0.288,332.3484,308.0879,180.474,0
platform,4,2.07,-0.288,332.348,51.91201,180.474,1.233327
platform,1,0,-0.24,0,0,0,0.8333333
platform,1,1,-0.24,0,0,0,0.9166667
platform,1,0,-0.24,0,0,0,0.7083333
platform,7,2.524,-0.141,0,0,0,0
platform,7,-2.06,-0.141,0,0,0,0.04166667
platform,10,0.23,0,0,90,0,0.04166667
platform,7,-2.06,-0.141,0,0,0,0
platform,7,2.524,-0.141,0,0,0,0.08333334
platform,7,-2.48,-0.141,0,0,0,0
platform,7,2.02,-0.141,0,0,0,0.04166667
platform,10,-0.22,0,0,90,0,0.04166667
platform,7,-2.48,-0.141,0,0,0,0
platform,7,2.02,-0.141,0,0,0,0.08333334
platform,7,2.524,-0.141,0,0,0,0
platform,7,-2.06,-0.141,0,0,0,0.04166667
platform,10,0.23,0,0,90,0,0.04166667
platform,7,-2.06,-0.141,0,0,0,0
platform,7,2.524,-0.141,0,0,0,0.08333334
platform,7,-2.48,-0.141,0,0,0,0
platform,7,2.02,-0.141,0,0,0,0.04166667
platform,10,-0.22,0,0,90,0,0.04166667
platform,7,2.02,-0.141,0,0,0,0
platform,7,-2.48,-0.141,0,0,0,0.08333334
platform,7,-2.06,-0.141,0,0,0,0
platform,7,2.524,-0.141,0,0,0,0.04166667
platform,10,0.23,0,0,90,0,0.04166667
platform,7,2.524,-0.141,0,0,0,0
platform,7,-2.06,-0.141,0,0,0,0.08333334
platform,7,-2.48,-0.141,0,0,0,0
platform,7,2.02,-0.141,0,0,0,0.04166667
platform,10,-0.22,0,0,90,0,0.04166667
platform,7,2.02,-0.141,0,0,0,0
platform,7,-2.48,-0.141,0,0,0,0.08333334
platform,7,-2.06,-0.141,0,0,0,0
platform,7,2.524,-0.141,0,0,0,0.04166667
platform,10,0.23,0,0,90,0,0.04166667
platform,7,2.524,-0.141,0,0,0,0
platform,7,-2.06,-0.141,0,0,0,0.08333334
platform,7,-2.48,-0.141,0,0,0,0
platform,7,2.02,-0.141,0,0,0,0.04166667
platform,10,-0.22,0,0,90,0,0.04166667
platform,7,-2.48,-0.141,0,0,0,0
platform,7,2.02,-0.141,0,0,0,0.08333334
platform,7,-2.06,-0.141,0,0,0,0
platform,7,2.524,-0.141,0,0,0,0.04166667
platform,10,0.23,0,0,90,0,0.04166667
platform,7,2.524,-0.141,0,0,0,0
platform,7,-2.06,-0.141,0,0,0,0.08333334
platform,7,-2.48,-0.141,0,0,0,0
platform,7,2.02,-0.141,0,0,0,0.04166667
platform,10,-0.22,0,0,90,0,0.04166667
platform,7,-2.48,-0.141,0,0,0,0
platform,7,2.02,-0.141,0,0,0,0.08333334
platform,7,-2.06,-0.141,0,0,0,0
platform,7,2.524,-0.141,0,0,0,0.04166667
platform,10,0.23,0,0,90,0,0.04166667
platform,7,-2.06,-0.141,0,0,0,0
platform,7,2.524,-0.141,0,0,0,0.08333334
platform,7,-2.48,-0.141,0,0,0,0
platform,7,2.02,-0.141,0,0,0,0.04166667
platform,10,-0.22,0,0,90,0,0.04166667
platform,7,-2.48,-0.141,0,0,0,0
platform,7,2.02,-0.141,0,0,0,0.08333334
platform,7,-2.06,-0.141,0,0,0,0
platform,7,2.524,-0.141,0,0,0,0.04166667
platform,10,0.23,0,0,90,0,0.04166667
platform,7,-2.06,-0.141,0,0,0,0
platform,7,2.524,-0.141,0,0,0,0.08333334
platform,7,-2.48,-0.141,0,0,0,0
platform,7,2.02,-0.141,0,0,0,0.04166667
platform,10,-0.22,0,0,90,0,0.04166667
platform,7,-2.48,-0.141,0,0,0,0
platform,7,2.02,-0.141,0,0,0,0.08333334
platform,7,2.524,-0.141,0,0,0,0
platform,7,-2.06,-0.141,0,0,0,0.04166667
platform,10,0.23,0,0,90,0,0.04166667
platform,7,-2.06,-0.141,0,0,0,0
platform,7,2.524,-0.141,0,0,0,0.08333334
platform,7,-2.48,-0.141,0,0,0,0
platform,7,2.02,-0.141,0,0,0,0.04166667
platform,10,-0.22,0,0,90,0,0.04166667
platform,7,-2.48,-0.141,0,0,0,0
platform,7,2.02,-0.141,0,0,0,0.08333334
platform,7,-2.06,-0.141,0,0,0,0
platform,7,2.524,-0.141,0,0,0,0.04166667
platform,10,0.23,0,0,90,0,0.04166667
platform,7,2.524,-0.141,0,0,0,0
platform,7,-2.06,-0.141,0,0,0,0.08333334
platform,7,2.02,-0.141,0,0,0,0
platform,7,-2.48,-0.141,0,0,0,0.04166667
platform,10,-0.22,0,0,90,0,0.04166667
platform,7,-2.48,-0.141,0,0,0,0
platform,7,2.02,-0.141,0,0,0,0.08333334
platform,7,-2.06,-0.141,0,0,0,0
platform,7,2.524,-0.141,0,0,0,0.04166667
platform,10,0.23,0,0,90,0,0.04166667
platform,7,-2.06,-0.141,0,0,0,0
platform,7,2.524,-0.141,0,0,0,0.08333334
platform,7,2.02,-0.141,0,0,0,0
platform,7,-2.48,-0.141,0,0,0,0.04166667
platform,10,-0.22,0,0,90,0,0.04166667
platform,7,-2.48,-0.141,0,0,0,0
platform,7,2.02,-0.141,0,0,0,0.08333334
platform,7,2.524,-0.141,0,0,0,0
platform,7,-2.06,-0.141,0,0,0,0.04166667
platform,10,0.23,0,0,90,0,0.04166667
platform,7,-2.06,-0.141,0,0,0,0
platform,7,2.524,-0.141,0,0,0,0.1216736
platform,5,0,-0.464,0,180,0,10
